2005/05/04	NZ	72	12	42	57	31
2005/05/07	NZ	18	67	87	7	26
2005/05/11	NZ	67	86	41	60	31
2005/05/14	NZ	18	79	87	68	22
2005/05/18	NZ	34	8	36	18	60
2005/05/21	NZ	16	51	78	72	7
2005/05/25	NZ	57	80	82	5	23
2005/05/28	NZ	56	57	88	1	23
2005/06/01	NZ	64	72	70	54	27
2005/06/04	NZ	66	69	87	1	57
2005/06/08	NZ	84	16	72	45	12
2005/06/11	NZ	50	27	51	43	63
2005/06/15	NZ	4	19	59	27	71
2005/06/18	NZ	15	86	36	87	46
2005/06/21	NZ	55	20	53	76	28
2005/06/23	NZ	22	11	36	54	49
2005/06/25	NZ	87	27	10	2	32
2005/06/28	NZ	1	14	57	22	89
2005/06/30	NZ	50	23	46	34	66
2005/07/02	NZ	66	82	74	49	20
2005/07/05	NZ	51	82	4	6	3
2005/07/07	NZ	62	29	57	16	80
2005/07/09	NZ	2	15	49	39	62
2005/07/12	NZ	73	50	69	80	63
2005/07/14	NZ	53	12	49	5	9
2005/07/16	NZ	60	47	68	6	17
2005/07/19	NZ	90	42	84	7	52
2005/07/21	NZ	46	33	80	22	5
2005/07/23	NZ	61	64	31	67	37
2005/07/26	NZ	39	15	42	23	13
2005/07/28	NZ	42	61	82	53	30
2005/07/30	NZ	47	42	10	66	86
2005/08/02	NZ	58	35	65	53	79
2005/08/04	NZ	36	84	37	60	16
2005/08/06	NZ	74	53	5	37	54
2005/08/09	NZ	25	86	21	38	7
2005/08/11	NZ	4	28	29	15	13
2005/08/13	NZ	89	34	14	3	6
2005/08/16	NZ	37	65	79	9	4
2005/08/18	NZ	61	17	57	66	67
2005/08/20	NZ	29	53	12	32	69
2005/08/23	NZ	17	71	7	90	54
2005/08/25	NZ	71	70	20	64	7
2005/08/27	NZ	49	5	84	63	82
2005/08/30	NZ	88	60	10	4	89
2005/09/01	NZ	78	52	66	34	7
2005/09/03	NZ	55	44	33	7	38
2005/09/06	NZ	46	2	68	83	41
2005/09/08	NZ	17	27	83	21	56
2005/09/10	NZ	63	15	71	8	44
2005/09/13	NZ	78	62	47	54	18
2005/09/15	NZ	40	41	42	47	52
2005/09/17	NZ	68	28	87	14	34
2005/09/20	NZ	28	90	72	70	16
2005/09/22	NZ	52	45	51	71	38
2005/09/24	NZ	22	48	67	18	30
2005/09/27	NZ	47	18	62	56	48
2005/09/29	NZ	15	79	68	4	81
2005/10/01	NZ	59	38	11	88	54
2005/10/04	NZ	66	40	44	70	7
2005/10/06	NZ	34	36	72	50	89
2005/10/08	NZ	68	59	26	10	67
2005/10/11	NZ	2	81	55	22	25
2005/10/13	NZ	14	76	38	74	39
2005/10/15	NZ	11	22	1	87	48
2005/10/18	NZ	58	33	30	16	17
2005/10/20	NZ	83	78	90	52	37
2005/10/22	NZ	22	81	46	7	90
2005/10/25	NZ	68	69	63	26	20
2005/10/27	NZ	12	66	89	22	37
2005/10/29	NZ	58	38	40	15	69
2005/11/02	NZ	17	36	67	78	3
2005/11/03	NZ	23	5	21	83	61
2005/11/05	NZ	22	73	86	77	6
2005/11/08	NZ	40	61	44	14	84
2005/11/10	NZ	41	46	73	6	32
2005/11/12	NZ	4	49	57	79	48
2005/11/15	NZ	22	50	59	67	66
2005/11/17	NZ	44	39	61	84	1
2005/11/19	NZ	44	20	28	77	31
2005/11/22	NZ	68	39	35	83	52
2005/11/24	NZ	33	2	60	82	11
2005/11/26	NZ	17	79	21	30	22
2005/11/29	NZ	16	71	2	53	1
2005/12/01	NZ	23	22	77	57	20
2005/12/03	NZ	13	12	55	68	2
2005/12/06	NZ	65	45	30	69	35
2005/12/09	NZ	3	13	86	88	43
2005/12/10	NZ	27	78	81	65	75
2005/12/13	NZ	15	56	21	90	36
2005/12/15	NZ	87	48	8	77	43
2005/12/17	NZ	50	33	20	79	54
2005/12/20	NZ	3	70	9	38	21
2005/12/22	NZ	27	1	60	61	78
2005/12/24	NZ	53	11	65	16	37
2005/12/27	NZ	28	14	68	34	39
2005/12/29	NZ	86	70	32	27	4
2005/12/31	NZ	86	77	1	28	57
2006/01/03	NZ	77	7	70	27	4
2006/01/05	NZ	65	23	48	12	58
2006/01/07	NZ	71	83	7	6	29
2006/01/10	NZ	55	40	43	2	20
2006/01/12	NZ	6	85	46	27	65
2006/01/14	NZ	62	18	81	52	10
2006/01/17	NZ	13	8	47	9	86
2006/01/19	NZ	80	38	49	44	58
2006/01/21	NZ	61	36	9	84	11
2006/01/24	NZ	2	44	89	52	14
2006/01/26	NZ	20	68	57	87	33
2006/01/28	NZ	62	5	39	35	32
2006/01/31	NZ	23	78	63	27	24
2006/02/02	NZ	10	47	30	71	46
2006/02/04	NZ	26	83	25	9	38
2006/02/07	NZ	83	3	43	55	22
2006/02/09	NZ	35	90	83	48	27
2006/02/11	NZ	86	55	46	49	21
2006/02/14	NZ	7	9	69	67	12
2006/02/16	NZ	61	23	87	19	32
2006/02/18	NZ	55	40	80	53	41
2006/02/21	NZ	77	35	13	45	31
2006/02/23	NZ	61	20	2	58	11
2006/02/25	NZ	28	42	78	71	46
2006/02/28	NZ	56	17	67	75	29
2006/03/02	NZ	58	73	16	90	48
2006/03/04	NZ	90	47	16	7	10
2006/03/07	NZ	80	63	1	54	79
2006/03/09	NZ	37	62	53	88	73
2006/03/11	NZ	45	57	90	33	24
2006/03/14	NZ	2	83	53	15	32
2006/03/16	NZ	19	25	70	47	4
2006/03/18	NZ	87	3	67	56	33
2006/03/21	NZ	26	78	34	20	87
2006/03/23	NZ	77	9	18	22	35
2006/03/25	NZ	43	45	1	12	72
2006/03/28	NZ	68	38	86	15	19
2006/03/30	NZ	44	47	2	53	54
2006/04/01	NZ	23	16	20	19	14
2006/04/04	NZ	55	16	33	69	52
2006/04/06	NZ	6	79	21	47	5
2006/04/08	NZ	51	82	79	17	38
2006/04/11	NZ	49	4	55	66	27
2006/04/13	NZ	40	4	41	23	71
2006/04/15	NZ	63	61	68	66	10
2006/04/18	NZ	75	70	12	85	54
2006/04/20	NZ	42	22	5	66	29
2006/04/22	NZ	37	9	60	7	16
2006/04/26	NZ	36	72	51	75	35
2006/04/27	NZ	78	54	35	14	38
2006/04/29	NZ	7	22	28	37	89
2006/05/02	NZ	74	85	79	65	55
2006/05/04	NZ	19	50	11	13	56
2006/05/06	NZ	10	31	85	90	6
2006/05/09	NZ	89	53	57	35	10
2006/05/11	NZ	59	80	57	58	28
2006/05/13	NZ	56	50	53	2	88
2006/05/16	NZ	20	29	73	11	85
2006/05/18	NZ	78	1	41	18	20
2006/05/20	NZ	18	9	51	79	31
2006/05/23	NZ	78	49	14	67	59
2006/05/25	NZ	58	67	16	29	66
2006/05/27	NZ	1	64	14	89	19
2006/05/30	NZ	29	70	89	2	90
2006/06/01	NZ	16	43	58	14	25
2006/06/03	NZ	41	53	33	64	30
2006/06/06	NZ	46	11	77	82	4
2006/06/08	NZ	34	83	79	81	82
2006/06/10	NZ	62	37	84	39	71
2006/06/13	NZ	9	20	90	78	68
2006/06/15	NZ	12	22	28	21	30
2006/06/17	NZ	79	8	23	9	64
2006/06/20	NZ	37	42	20	79	14
2006/06/22	NZ	89	65	28	15	39
2006/06/24	NZ	54	84	89	9	10
2006/06/27	NZ	33	69	2	6	30
2006/06/29	NZ	70	21	37	68	69
2006/07/01	NZ	12	3	40	50	83
2006/07/04	NZ	20	83	86	25	82
2006/07/06	NZ	43	47	61	39	50
2006/07/08	NZ	8	40	63	69	2
2006/07/11	NZ	14	39	57	65	70
2006/07/13	NZ	32	22	62	72	40
2006/07/15	NZ	78	12	15	33	62
2006/07/18	NZ	13	17	28	85	73
2006/07/20	NZ	15	14	27	52	38
2006/07/22	NZ	40	89	62	88	57
2006/07/25	NZ	55	86	12	17	82
2006/07/27	NZ	71	19	82	73	9
2006/07/29	NZ	41	80	36	57	14
2006/08/01	NZ	19	15	27	44	80
2006/08/03	NZ	77	59	37	30	50
2006/08/05	NZ	69	27	2	26	63
2006/08/08	NZ	71	82	9	46	73
2006/08/10	NZ	84	68	12	35	52
2006/08/12	NZ	56	41	86	26	34
2006/08/16	NZ	66	31	50	70	13
2006/08/17	NZ	55	49	69	66	39
2006/08/19	NZ	74	84	83	58	25
2006/08/22	NZ	61	49	51	14	58
2006/08/24	NZ	24	60	53	62	82
2006/08/26	NZ	45	46	51	84	63
2006/08/29	NZ	90	31	53	63	42
2006/08/31	NZ	79	44	60	40	81
2006/09/02	NZ	61	8	78	29	28
2006/09/05	NZ	42	28	24	6	46
2006/09/07	NZ	49	61	88	27	68
2006/09/09	NZ	74	16	58	48	15
2006/09/12	NZ	88	90	35	15	17
2006/09/14	NZ	29	64	4	45	39
2006/09/16	NZ	46	82	90	22	86
2006/09/19	NZ	7	28	4	71	53
2006/09/21	NZ	29	83	35	67	1
2006/09/23	NZ	86	33	21	22	8
2006/09/26	NZ	16	30	12	66	61
2006/09/28	NZ	66	53	70	76	15
2006/09/30	NZ	90	7	17	5	81
2006/10/03	NZ	35	67	30	66	11
2006/10/05	NZ	53	21	43	9	10
2006/10/07	NZ	6	60	37	89	44
2006/10/10	NZ	10	77	83	75	25
2006/10/12	NZ	28	5	90	39	66
2006/10/14	NZ	12	40	36	67	89
2006/10/17	NZ	80	14	8	4	24
2006/10/19	NZ	83	47	34	42	4
2006/10/21	NZ	28	80	17	53	4
2006/10/24	NZ	85	73	42	54	6
2006/10/26	NZ	79	56	25	33	88
2006/10/28	NZ	61	33	67	55	86
2006/10/31	NZ	15	59	89	23	44
2006/11/02	NZ	31	70	89	21	42
2006/11/04	NZ	18	49	26	21	82
2006/11/07	NZ	49	87	61	12	63
2006/11/09	NZ	16	6	52	27	78
2006/11/11	NZ	69	8	37	6	55
2006/11/14	NZ	69	60	11	51	66
2006/11/16	NZ	62	82	18	74	32
2006/11/18	NZ	6	69	60	48	8
2006/11/21	NZ	1	12	15	24	20
2006/11/23	NZ	17	33	24	47	3
2006/11/25	NZ	30	47	16	72	10
2006/11/28	NZ	14	90	83	45	74
2006/11/30	NZ	53	7	67	51	49
2006/12/02	NZ	4	72	37	64	2
2006/12/05	NZ	27	90	15	17	61
2006/12/07	NZ	81	46	29	26	51
2006/12/09	NZ	7	23	59	80	12
2006/12/12	NZ	56	90	80	50	35
2006/12/14	NZ	59	87	40	77	45
2006/12/16	NZ	61	6	68	2	36
2006/12/19	NZ	50	56	22	8	61
2006/12/21	NZ	47	38	80	18	88
2006/12/23	NZ	13	45	35	4	64
2006/12/27	NZ	90	24	19	28	83
2006/12/28	NZ	70	17	73	76	19
2006/12/30	NZ	43	70	81	15	69
2007/01/02	NZ	65	75	78	88	2
2007/01/04	NZ	90	66	45	51	13
2007/01/08	NZ	46	80	16	24	42
2007/01/09	NZ	10	9	75	49	17
2007/01/11	NZ	70	13	66	4	50
2007/01/13	NZ	2	12	25	9	82
2007/01/16	NZ	3	62	33	48	78
2007/01/18	NZ	78	82	9	45	59
2007/01/20	NZ	17	61	39	18	48
2007/01/23	NZ	66	24	54	55	23
2007/01/25	NZ	90	27	56	34	84
2007/01/27	NZ	48	43	17	88	89
2007/01/30	NZ	57	84	39	11	82
2007/02/01	NZ	22	71	11	5	26
2007/02/03	NZ	44	62	32	73	1
2007/02/06	NZ	52	49	29	47	66
2007/02/08	NZ	83	26	75	89	28
2007/02/10	NZ	52	35	69	60	85
2007/02/13	NZ	2	4	30	90	83
2007/02/15	NZ	25	12	5	78	15
2007/02/17	NZ	89	43	59	7	29
2007/02/20	NZ	72	76	38	81	36
2007/02/22	NZ	74	11	44	10	42
2007/02/24	NZ	88	1	83	37	47
2007/02/27	NZ	78	85	67	9	2
2007/03/01	NZ	65	59	60	67	83
2007/03/03	NZ	29	23	3	87	52
2007/03/06	NZ	54	37	63	42	62
2007/03/08	NZ	59	12	77	40	64
2007/03/10	NZ	51	20	69	21	58
2007/03/13	NZ	70	67	5	4	60
2007/03/15	NZ	71	48	7	78	57
2007/03/17	NZ	35	15	72	19	73
2007/03/20	NZ	18	46	51	60	11
2007/03/22	NZ	86	31	53	37	17
2007/03/24	NZ	5	85	72	14	77
2007/03/27	NZ	17	25	6	10	30
2007/03/29	NZ	20	69	21	37	56
2007/03/31	NZ	41	6	55	37	27
2007/04/03	NZ	4	46	71	70	84
2007/04/05	NZ	71	38	12	54	87
2007/04/07	NZ	67	11	29	31	88
2007/04/10	NZ	54	23	78	44	47
2007/04/12	NZ	81	52	36	3	55
2007/04/14	NZ	64	88	43	9	86
2007/04/17	NZ	22	50	54	41	43
2007/04/19	NZ	88	12	60	42	56
2007/04/21	NZ	80	70	63	62	40
2007/04/24	NZ	40	10	75	79	42
2007/04/26	NZ	32	84	21	76	45
2007/04/28	NZ	58	19	26	21	83
2007/05/02	NZ	52	64	37	38	28
2007/05/03	NZ	3	78	76	17	12
2007/05/05	NZ	58	44	14	47	78
2007/05/08	NZ	77	87	67	46	61
2007/05/10	NZ	38	68	59	46	29
2007/05/12	NZ	6	36	31	72	60
2007/05/15	NZ	90	55	76	85	19
2007/05/17	NZ	44	68	61	55	84
2007/05/19	NZ	59	9	29	12	90
2007/05/22	NZ	31	17	71	15	49
2007/05/24	NZ	18	72	38	84	71
2007/05/26	NZ	47	60	66	23	77
2007/05/29	NZ	51	67	63	76	52
2007/05/31	NZ	18	37	45	70	71
2007/06/04	NZ	86	38	39	8	66
2007/06/05	NZ	41	66	82	29	24
2007/06/07	NZ	53	67	81	32	70
2007/06/09	NZ	23	17	73	80	61
2007/06/12	NZ	53	80	9	72	90
2007/06/14	NZ	34	89	27	77	54
2007/06/16	NZ	6	62	8	40	61
2007/06/19	NZ	27	72	28	18	26
2007/06/21	NZ	80	59	6	78	81
2007/06/23	NZ	40	22	34	38	29
2007/06/26	NZ	18	79	4	89	34
2007/06/28	NZ	22	41	70	27	79
2007/06/30	NZ	24	5	90	40	48
2007/07/03	NZ	43	80	70	9	34
2007/07/05	NZ	11	34	30	45	41
2007/07/07	NZ	3	26	11	12	85
2007/07/10	NZ	78	38	65	25	26
2007/07/12	NZ	7	63	25	50	41
2007/07/14	NZ	40	53	83	16	41
2007/07/17	NZ	46	18	21	31	6
2007/07/19	NZ	3	38	25	63	58
2007/07/21	NZ	6	77	72	30	13
2007/07/24	NZ	73	75	72	86	35
2007/07/26	NZ	55	15	39	41	8
2007/07/28	NZ	36	74	23	72	42
2007/07/31	NZ	61	9	32	52	58
2007/08/02	NZ	52	19	6	45	73
2007/08/04	NZ	22	67	86	83	55
2007/08/07	NZ	85	84	44	39	77
2007/08/09	NZ	3	39	34	49	20
2007/08/11	NZ	64	71	29	59	8
2007/08/14	NZ	18	15	84	70	60
2007/08/16	NZ	4	32	53	47	41
2007/08/18	NZ	14	57	47	13	81
2007/08/21	NZ	85	72	6	73	79
2007/08/23	NZ	67	46	38	39	33
2007/08/25	NZ	70	84	60	22	40
2007/08/28	NZ	75	10	5	90	80
2007/08/30	NZ	56	23	77	62	39
2007/09/01	NZ	31	49	32	39	13
2007/09/04	NZ	3	25	67	8	19
2007/09/06	NZ	63	57	19	85	80
2007/09/08	NZ	5	87	23	8	11
2007/09/11	NZ	5	82	73	77	80
2007/09/13	NZ	79	2	30	32	51
2007/09/15	NZ	3	34	26	17	35
2007/09/18	NZ	28	29	67	20	30
2007/09/20	NZ	48	17	34	2	58
2007/09/22	NZ	68	55	85	10	22
2007/09/25	NZ	24	40	36	17	50
2007/09/27	NZ	83	61	54	74	82
2007/09/29	NZ	35	66	68	67	79
2007/10/02	NZ	54	35	24	2	63
2007/10/04	NZ	42	80	35	54	86
2007/10/06	NZ	11	45	50	90	17
2007/10/09	NZ	20	17	6	33	30
2007/10/11	NZ	35	84	73	24	13
2007/10/13	NZ	46	85	30	77	42
2007/10/16	NZ	23	77	27	37	38
2007/10/18	NZ	27	83	52	88	9
2007/10/20	NZ	89	43	32	11	51
2007/10/23	NZ	32	55	15	61	44
2007/10/25	NZ	7	28	25	69	2
2007/10/27	NZ	73	17	47	5	45
2007/10/30	NZ	15	73	14	43	70
2007/11/02	NZ	50	10	21	9	58
2007/11/03	NZ	37	76	8	34	15
2007/11/06	NZ	66	53	17	55	15
2007/11/08	NZ	28	14	59	44	61
2007/11/10	NZ	49	86	63	57	77
2007/11/13	NZ	21	76	66	1	28
2007/11/15	NZ	11	19	38	18	82
2007/11/17	NZ	68	60	3	67	35
2007/11/20	NZ	45	3	53	27	55
2007/11/22	NZ	60	21	66	52	6
2007/11/24	NZ	60	34	43	70	30
2007/11/27	NZ	23	68	19	22	59
2007/11/29	NZ	46	88	74	22	17
2007/12/01	NZ	70	46	67	39	66
2007/12/04	NZ	13	75	33	82	29
2007/12/06	NZ	88	14	58	89	36
2007/12/10	NZ	66	39	68	37	9
2007/12/11	NZ	1	2	61	55	83
2007/12/13	NZ	52	43	74	14	69
2007/12/15	NZ	39	33	31	78	11
2007/12/18	NZ	7	71	85	69	32
2007/12/20	NZ	85	72	64	12	88
2007/12/22	NZ	48	41	44	43	90
2007/12/24	NZ	28	14	50	66	65
2007/12/27	NZ	1	84	36	75	12
2007/12/29	NZ	11	58	40	17	39
2008/01/02	NZ	14	83	59	21	65
2008/01/03	NZ	17	22	56	3	13
2008/01/05	NZ	25	52	11	44	69
2008/01/08	NZ	49	76	17	18	58
2008/01/10	NZ	21	65	3	2	12
2008/01/12	NZ	8	70	20	83	63
2008/01/15	NZ	1	42	18	24	26
2008/01/17	NZ	76	16	68	39	63
2008/01/19	NZ	15	74	29	39	75
2008/01/22	NZ	20	4	10	8	25
2008/01/24	NZ	41	64	20	48	57
2008/01/26	NZ	57	64	69	75	16
2008/01/29	NZ	21	23	60	46	86
2008/01/31	NZ	34	20	63	50	10
2008/02/02	NZ	80	74	54	41	18
2008/02/05	NZ	84	24	78	55	62
2008/02/07	NZ	9	43	34	74	62
2008/02/09	NZ	72	78	26	70	66
2008/02/12	NZ	44	77	36	26	50
2008/02/14	NZ	52	18	10	44	23
2008/02/16	NZ	52	17	66	15	32
2008/02/19	NZ	45	51	68	46	26
2008/02/21	NZ	32	35	67	9	63
2008/02/23	NZ	54	78	15	5	26
2008/02/26	NZ	50	45	38	76	22
2008/02/28	NZ	38	40	75	53	46
2008/03/01	NZ	56	57	7	27	6
2008/03/04	NZ	77	30	64	87	12
2008/03/06	NZ	11	25	26	55	74
2008/03/08	NZ	63	38	50	17	12
2008/03/11	NZ	71	58	46	43	40
2008/03/13	NZ	9	40	88	74	42
2008/03/15	NZ	82	11	58	15	6
2008/03/18	NZ	37	35	85	90	11
2008/03/20	NZ	33	32	19	30	60
2008/03/22	NZ	34	52	15	53	13
2008/03/25	NZ	58	39	82	65	7
2008/03/27	NZ	27	20	53	73	12
2008/03/29	NZ	17	74	25	79	83
2008/04/01	NZ	2	3	20	9	50
2008/04/03	NZ	36	25	59	33	71
2008/04/05	NZ	43	86	76	50	65
2008/04/08	NZ	76	15	67	25	43
2008/04/10	NZ	10	42	40	12	79
2008/04/12	NZ	33	83	67	27	3
2008/04/15	NZ	25	87	43	16	5
2008/04/17	NZ	29	15	11	27	56
2008/04/19	NZ	7	49	73	2	59
2008/04/22	NZ	58	23	26	57	78
2008/04/24	NZ	25	64	2	16	89
2008/04/26	NZ	25	48	59	20	38
2008/04/29	NZ	62	34	81	39	37
2008/05/02	NZ	58	26	46	56	24
2008/05/03	NZ	39	28	19	11	52
2008/05/06	NZ	55	5	67	37	77
2008/05/08	NZ	19	7	20	84	48
2008/05/10	NZ	50	73	33	87	57
2008/05/13	NZ	12	32	8	55	5
2008/05/15	NZ	71	59	69	51	84
2008/05/17	NZ	20	67	54	26	68
2008/05/20	NZ	49	29	50	83	78
2008/05/22	NZ	43	64	81	76	18
2008/05/24	NZ	27	52	86	76	69
2008/05/27	NZ	46	17	47	3	55
2008/05/29	NZ	78	18	72	75	8
2008/05/31	NZ	48	89	55	36	28
2008/06/03	NZ	82	33	48	8	38
2008/06/05	NZ	26	63	78	84	34
2008/06/07	NZ	64	41	58	80	71
2008/06/10	NZ	31	13	6	60	46
2008/06/12	NZ	47	16	37	65	71
2008/06/14	NZ	2	24	71	12	66
2008/06/17	NZ	2	18	8	20	19
2008/06/19	NZ	73	40	30	77	32
2008/06/21	NZ	74	83	11	39	30
2008/06/24	NZ	15	13	17	53	6
2008/06/26	NZ	75	34	3	33	42
2008/06/28	NZ	57	7	17	54	62
2008/07/01	NZ	22	76	28	10	65
2008/07/03	NZ	81	61	85	15	9
2008/07/05	NZ	1	20	27	63	44
2008/07/08	NZ	74	14	57	11	64
2008/07/10	NZ	6	53	57	25	28
2008/07/12	NZ	74	59	14	65	84
2008/07/15	NZ	68	34	41	57	38
2008/07/17	NZ	89	60	4	72	54
2008/07/19	NZ	53	40	19	81	36
2008/07/22	NZ	59	65	75	70	87
2008/07/24	NZ	18	39	72	62	42
2008/07/26	NZ	17	23	39	13	80
2008/07/29	NZ	23	9	69	59	80
2008/07/31	NZ	27	14	59	1	23
2008/08/02	NZ	48	80	7	67	17
2008/08/05	NZ	28	74	56	5	38
2008/08/07	NZ	33	9	76	25	84
2008/08/09	NZ	31	57	42	63	66
2008/08/12	NZ	51	24	18	9	83
2008/08/14	NZ	79	46	48	31	40
2008/08/16	NZ	83	8	42	19	6
2008/08/19	NZ	27	28	61	75	46
2008/08/21	NZ	25	69	75	27	78
2008/08/23	NZ	27	35	87	5	45
2008/08/26	NZ	63	88	13	65	49
2008/08/28	NZ	16	79	48	20	55
2008/08/30	NZ	29	44	61	47	74
2008/09/02	NZ	27	25	36	51	75
2008/09/04	NZ	39	87	14	26	25
2008/09/06	NZ	86	13	89	30	55
2008/09/09	NZ	83	90	33	19	86
2008/09/11	NZ	27	86	59	87	13
2008/09/13	NZ	79	39	43	31	82
2008/09/16	NZ	24	30	32	86	39
2008/09/18	NZ	56	19	5	80	22
2008/09/20	NZ	80	47	35	10	50
2008/09/23	NZ	48	17	75	20	54
2008/09/25	NZ	19	60	35	77	84
2008/09/27	NZ	10	21	80	68	26
2008/09/30	NZ	28	84	9	46	52
2008/10/02	NZ	56	14	76	36	18
2008/10/04	NZ	79	9	65	23	85
2008/10/07	NZ	44	11	38	81	80
2008/10/09	NZ	80	36	38	53	33
2008/10/11	NZ	26	41	44	15	30
2008/10/14	NZ	73	88	78	87	22
2008/10/16	NZ	58	7	17	45	75
2008/10/18	NZ	63	70	88	39	74
2008/10/21	NZ	49	57	65	67	8
2008/10/23	NZ	10	21	33	68	71
2008/10/25	NZ	67	16	52	19	4
2008/10/28	NZ	18	44	83	64	27
2008/10/30	NZ	15	18	66	79	20
2008/11/03	NZ	75	45	33	25	90
2008/11/04	NZ	51	15	76	25	81
2008/11/06	NZ	29	76	12	83	18
2008/11/08	NZ	42	6	19	40	22
2008/11/11	NZ	70	87	78	21	35
2008/11/13	NZ	48	51	59	4	34
2008/11/15	NZ	21	81	73	64	67
2008/11/18	NZ	46	59	38	27	8
2008/11/20	NZ	72	18	59	25	10
2008/11/22	NZ	17	32	62	48	1
2008/11/25	NZ	73	30	35	37	4
2008/11/27	NZ	60	6	13	63	48
2008/11/29	NZ	68	62	30	50	29
2008/12/02	NZ	6	47	79	76	61
2008/12/04	NZ	34	58	73	39	26
2008/12/06	NZ	85	73	27	19	74
2008/12/09	NZ	45	62	38	67	42
2008/12/11	NZ	65	43	12	31	85
2008/12/13	NZ	11	48	56	36	64
2008/12/16	NZ	39	8	56	44	53
2008/12/18	NZ	43	38	36	52	72
2008/12/20	NZ	14	27	1	80	77
2008/12/23	NZ	52	68	16	25	55
2008/12/24	NZ	56	14	88	5	65
2008/12/27	NZ	1	76	87	22	58
2008/12/30	NZ	52	44	9	10	40
2009/01/02	NZ	34	25	1	55	56
2009/01/03	NZ	51	78	33	47	71
2009/01/07	NZ	16	43	70	55	33
2009/01/08	NZ	33	27	52	77	63
2009/01/10	NZ	64	3	71	17	8
2009/01/13	NZ	28	53	30	39	15
2009/01/15	NZ	76	46	3	90	89
2009/01/17	NZ	36	69	85	52	75
2009/01/20	NZ	7	68	66	2	21
2009/01/22	NZ	78	58	43	6	82
2009/01/24	NZ	13	39	28	30	72
2009/01/27	NZ	66	44	30	22	38
2009/01/29	NZ	51	81	38	6	31
2009/01/31	NZ	85	43	68	80	47
2009/02/03	NZ	13	25	44	85	16
2009/02/05	NZ	56	24	76	77	4
2009/02/07	NZ	71	86	2	53	52
2009/02/10	NZ	9	24	52	18	64
2009/02/12	NZ	4	88	2	74	12
2009/02/14	NZ	13	5	11	9	21
2009/02/17	NZ	78	15	50	17	36
2009/02/19	NZ	17	82	33	40	29
2009/02/21	NZ	34	31	83	48	61
2009/02/24	NZ	90	4	83	30	17
2009/02/26	NZ	56	20	29	40	88
2009/02/28	NZ	14	26	10	19	54
2009/03/03	NZ	12	25	83	26	39
2009/03/05	NZ	40	53	13	73	41
2009/03/07	NZ	57	72	64	55	31
2009/03/10	NZ	79	44	57	17	51
2009/03/12	NZ	6	84	19	41	66
2009/03/14	NZ	17	42	80	54	41
2009/03/17	NZ	64	23	3	65	26
2009/03/19	NZ	38	59	27	4	35
2009/03/21	NZ	26	33	11	10	53
2009/03/24	NZ	20	32	66	36	15
2009/03/26	NZ	12	54	49	67	33
2009/03/28	NZ	75	14	67	2	50
2009/03/31	NZ	16	7	84	77	67
2009/04/02	NZ	3	44	38	4	77
2009/04/04	NZ	55	45	17	4	69
2009/04/07	NZ	16	11	32	44	68
2009/04/09	NZ	21	38	11	43	17
2009/04/11	NZ	60	38	45	80	39
2009/04/14	NZ	4	11	17	86	8
2009/04/16	NZ	28	25	75	62	53
2009/04/18	NZ	80	57	13	68	87
2009/04/21	NZ	88	45	74	1	24
2009/04/23	NZ	57	46	38	33	6
2009/04/27	NZ	70	90	41	54	76
2009/04/28	NZ	36	19	29	11	63
2009/04/30	NZ	22	14	85	8	89
2009/05/02	NZ	62	8	60	22	4
2009/05/05	NZ	36	51	69	1	10
2009/05/07	NZ	67	17	6	2	16
2009/05/09	NZ	47	35	59	24	10
2009/05/12	NZ	2	61	4	81	48
2009/05/14	NZ	54	20	7	89	1
2009/05/16	NZ	52	40	30	68	5
2009/05/19	NZ	33	45	13	12	1
2009/05/21	NZ	15	71	41	89	65
2009/05/23	NZ	12	56	13	33	48
2009/05/26	NZ	50	19	48	7	45
2009/05/28	NZ	49	1	14	2	75
2009/05/30	NZ	2	68	89	5	50
2009/06/03	NZ	71	17	63	88	44
2009/06/04	NZ	22	57	39	12	5
2009/06/06	NZ	20	78	51	11	46
2009/06/09	NZ	45	69	75	26	8
2009/06/11	NZ	15	74	68	34	23
2009/06/13	NZ	78	18	7	87	65
2009/06/16	NZ	61	84	22	49	1
2009/06/18	NZ	46	42	84	61	29
2009/06/20	NZ	74	6	11	65	66
2009/06/23	NZ	53	55	83	1	48
2009/06/25	NZ	81	65	4	68	3
2009/06/27	NZ	39	42	48	40	5
2009/06/30	NZ	87	39	23	41	25
2009/07/02	NZ	72	12	39	19	7
2009/07/04	NZ	86	26	36	1	68
2009/07/07	NZ	75	40	20	83	26
2009/07/09	NZ	14	24	49	33	8
2009/07/11	NZ	58	65	39	30	52
2009/07/14	NZ	52	38	51	82	22
2009/07/16	NZ	81	70	69	1	58
2009/07/18	NZ	39	44	69	81	84
2009/07/21	NZ	80	6	76	79	53
2009/07/23	NZ	34	71	61	3	73
2009/07/25	NZ	81	10	53	70	85
2009/07/28	NZ	49	33	75	88	60
2009/07/30	NZ	68	52	78	3	54
2009/08/01	NZ	78	18	37	36	12
2009/08/04	NZ	6	39	1	15	81
2009/08/06	NZ	30	44	59	43	11
2009/08/08	NZ	43	50	45	4	52
2009/08/11	NZ	70	27	77	22	28
2009/08/13	NZ	10	26	16	80	42
2009/08/17	NZ	62	20	38	15	17
2009/08/18	NZ	71	8	26	46	73
2009/08/20	NZ	19	88	39	2	63
2009/08/22	NZ	73	64	27	11	84
2009/08/25	NZ	55	9	1	3	72
2009/08/27	NZ	58	88	84	47	24
2009/08/29	NZ	34	29	33	24	71
2009/09/01	NZ	12	15	9	4	48
2009/09/03	NZ	19	40	36	89	17
2009/09/05	NZ	71	72	49	53	26
2009/09/08	NZ	88	28	62	44	21
2009/09/10	NZ	26	33	2	1	83
2009/09/12	NZ	60	30	62	85	88
2009/09/15	NZ	30	50	83	25	13
2009/09/17	NZ	73	36	42	48	11
2009/09/19	NZ	23	5	72	55	37
2009/09/22	NZ	83	60	19	69	4
2009/09/24	NZ	16	50	2	33	45
2009/09/26	NZ	49	20	79	52	37
2009/09/29	NZ	45	64	80	4	77
2009/10/01	NZ	23	65	13	19	24
2009/10/03	NZ	26	84	77	82	5
2009/10/06	NZ	75	23	42	61	83
2009/10/08	NZ	66	68	40	89	17
2009/10/10	NZ	70	22	88	4	52
2009/10/13	NZ	62	75	42	11	71
2009/10/15	NZ	3	73	59	80	52
2009/10/17	NZ	53	29	51	89	8
2009/10/20	NZ	28	2	20	24	53
2009/10/22	NZ	39	27	81	90	80
2009/10/24	NZ	47	32	40	16	74
2009/10/27	NZ	23	89	43	60	64
2009/10/29	NZ	17	48	33	35	45
2009/10/31	NZ	53	8	31	78	24
2009/11/03	NZ	45	73	74	56	37
2009/11/05	NZ	20	66	15	21	28
2009/11/07	NZ	23	33	4	40	26
2009/11/10	NZ	25	68	1	90	81
2009/11/12	NZ	42	21	45	35	10
2009/11/14	NZ	76	67	47	2	62
2009/11/17	NZ	47	17	2	43	45
2009/11/19	NZ	48	61	5	90	16
2009/11/21	NZ	52	35	53	1	57
2009/11/24	NZ	31	46	41	13	27
2009/11/26	NZ	81	67	19	16	39
2009/11/28	NZ	39	28	46	75	1
2009/12/01	NZ	25	80	78	47	19
2009/12/03	NZ	81	36	53	61	18
2009/12/05	NZ	4	46	75	54	69
2009/12/09	NZ	54	37	18	81	33
2009/12/10	NZ	21	90	37	49	38
2009/12/12	NZ	34	50	89	10	12
2009/12/15	NZ	83	54	44	36	74
2009/12/17	NZ	18	41	88	5	84
2009/12/19	NZ	73	53	44	83	64
2009/12/22	NZ	68	58	49	42	71
2009/12/24	NZ	22	47	67	66	31
2009/12/28	NZ	72	44	58	73	31
2009/12/29	NZ	54	66	14	21	89
2009/12/31	NZ	63	61	15	33	3
2010/01/02	NZ	2	16	5	85	81
2010/01/05	NZ	67	27	85	7	52
2010/01/07	NZ	63	10	16	4	57
2010/01/09	NZ	7	63	17	35	44
2010/01/12	NZ	67	90	13	19	58
2010/01/14	NZ	56	90	12	27	9
2010/01/16	NZ	30	65	21	27	2
2010/01/19	NZ	23	44	3	47	78
2010/01/21	NZ	29	44	88	39	14
2010/01/23	NZ	29	46	23	79	31
2010/01/26	NZ	17	24	54	75	20
2010/01/28	NZ	40	59	16	90	1
2010/01/30	NZ	85	82	21	62	12
2010/02/02	NZ	26	82	71	68	59
2010/02/04	NZ	13	47	52	67	2
2010/02/06	NZ	28	10	8	1	69
2010/02/09	NZ	80	18	78	57	37
2010/02/11	NZ	3	63	82	9	50
2010/02/13	NZ	7	49	27	65	84
2010/02/16	NZ	22	2	23	56	33
2010/02/18	NZ	85	22	17	63	9
2010/02/20	NZ	77	74	25	50	13
2010/02/23	NZ	10	1	74	46	15
2010/02/25	NZ	19	61	72	79	12
2010/02/27	NZ	69	10	73	56	35
2010/03/02	NZ	85	29	16	15	79
2010/03/04	NZ	13	41	5	42	77
2010/03/06	NZ	9	54	77	28	59
2010/03/09	NZ	11	57	34	75	72
2010/03/11	NZ	42	46	77	90	37
2010/03/13	NZ	7	20	13	54	18
2010/03/16	NZ	53	86	9	60	4
2010/03/18	NZ	8	13	62	69	27
2010/03/20	NZ	47	85	16	36	52
2010/03/23	NZ	19	6	4	87	46
2010/03/25	NZ	44	74	16	17	73
2010/03/27	NZ	20	12	76	6	65
2010/03/30	NZ	72	68	63	77	11
2010/04/01	NZ	23	49	52	39	12
2010/04/03	NZ	12	90	14	1	89
2010/04/06	NZ	67	44	63	68	45
2010/04/08	NZ	64	61	11	68	45
2010/04/10	NZ	15	60	58	47	10
2010/04/13	NZ	83	13	5	60	43
2010/04/15	NZ	6	37	71	26	83
2010/04/17	NZ	54	10	1	76	3
2010/04/20	NZ	16	22	75	21	24
2010/04/22	NZ	56	66	71	73	80
2010/04/24	NZ	22	37	90	51	60
2010/04/27	NZ	75	3	30	89	22
2010/04/29	NZ	64	27	47	17	41
2010/05/03	NZ	34	48	72	21	63
2010/05/04	NZ	32	58	5	59	25
2010/05/06	NZ	56	80	4	82	20
2010/05/08	NZ	22	81	30	82	36
2010/05/11	NZ	24	87	29	35	15
2010/05/13	NZ	33	32	5	45	30
2010/05/15	NZ	46	6	16	85	72
2010/05/18	NZ	8	38	83	22	74
2010/05/20	NZ	73	31	61	68	42
2010/05/22	NZ	68	74	40	29	60
2010/05/25	NZ	38	10	3	60	36
2010/05/27	NZ	84	11	60	65	33
2010/05/29	NZ	29	22	89	74	55
2010/06/01	NZ	61	32	26	23	79
2010/06/03	NZ	56	64	7	66	44
2010/06/05	NZ	26	22	59	11	82
2010/06/08	NZ	73	23	64	41	84
2010/06/10	NZ	88	16	64	45	17
2010/06/12	NZ	57	63	74	50	64
2010/06/15	NZ	24	71	44	65	27
2010/06/17	NZ	73	58	34	43	14
2010/06/19	NZ	46	18	52	28	29
2010/06/22	NZ	65	15	44	1	21
2010/06/24	NZ	70	55	6	1	89
2010/06/26	NZ	5	31	53	9	35
2010/06/29	NZ	37	80	22	39	18
2010/07/01	NZ	21	83	37	89	26
2010/07/03	NZ	28	61	52	57	77
2010/07/06	NZ	79	68	71	58	90
2010/07/08	NZ	31	52	3	4	40
2010/07/10	NZ	13	77	45	79	80
2010/07/13	NZ	22	42	37	46	6
2010/07/15	NZ	61	69	7	34	6
2010/07/17	NZ	79	88	78	90	43
2010/07/20	NZ	1	66	85	46	56
2010/07/22	NZ	34	68	30	55	69
2010/07/24	NZ	6	84	42	89	26
2010/07/27	NZ	60	9	86	57	27
2010/07/29	NZ	15	87	11	39	35
2010/07/31	NZ	73	22	29	82	38
2010/08/03	NZ	45	42	17	73	37
2010/08/05	NZ	39	29	12	52	57
2010/08/07	NZ	30	6	40	5	77
2010/08/10	NZ	11	87	20	51	55
2010/08/12	NZ	8	10	7	83	86
2010/08/14	NZ	57	17	89	87	85
2010/08/17	NZ	81	33	3	39	74
2010/08/19	NZ	69	81	29	74	52
2010/08/21	NZ	34	79	33	83	16
2010/08/24	NZ	43	22	30	70	17
2010/08/26	NZ	34	47	70	11	65
2010/08/28	NZ	51	16	19	38	62
2010/08/31	NZ	49	17	25	71	53
2010/09/02	NZ	65	59	4	74	26
2010/09/04	NZ	76	28	90	71	53
2010/09/07	NZ	8	68	71	90	75
2010/09/09	NZ	1	5	67	43	70
2010/09/11	NZ	52	8	54	29	43
2010/09/14	NZ	39	23	10	28	3
2010/09/16	NZ	31	56	88	43	41
2010/09/18	NZ	63	47	73	18	46
2010/09/21	NZ	57	59	32	50	14
2010/09/23	NZ	90	32	81	75	58
2010/09/25	NZ	29	32	40	28	34
2010/09/28	NZ	9	34	52	14	85
2010/09/30	NZ	89	21	68	39	1
2010/10/02	NZ	47	73	67	30	14
2010/10/05	NZ	46	77	40	26	10
2010/10/07	NZ	21	9	34	55	7
2010/10/09	NZ	78	74	34	68	53
2010/10/12	NZ	46	75	65	89	3
2010/10/14	NZ	13	77	74	48	83
2010/10/16	NZ	40	73	49	71	6
2010/10/19	NZ	80	70	33	61	66
2010/10/21	NZ	15	16	49	11	17
2010/10/23	NZ	44	11	63	10	66
2010/10/26	NZ	6	14	63	85	62
2010/10/28	NZ	86	53	50	56	15
2010/10/30	NZ	66	25	45	32	47
2010/11/02	NZ	55	32	31	25	33
2010/11/04	NZ	35	53	32	33	9
2010/11/06	NZ	14	59	61	51	48
2010/11/09	NZ	42	24	47	13	51
2010/11/11	NZ	11	71	39	36	74
2010/11/13	NZ	48	51	67	89	85
2010/11/16	NZ	12	14	20	44	37
2010/11/18	NZ	58	25	77	6	76
2010/11/20	NZ	83	56	90	9	33
2010/11/23	NZ	15	71	5	28	26
2010/11/25	NZ	23	9	81	89	74
2010/11/27	NZ	34	65	59	35	56
2010/11/30	NZ	32	1	11	65	26
2010/12/02	NZ	78	25	36	31	59
2010/12/04	NZ	21	56	19	50	6
2010/12/07	NZ	35	72	26	63	1
2010/12/09	NZ	47	40	80	49	43
2010/12/11	NZ	25	51	48	89	16
2010/12/14	NZ	83	61	89	70	5
2010/12/16	NZ	89	46	51	81	26
2010/12/18	NZ	74	36	13	43	53
2010/12/21	NZ	58	66	51	40	10
2010/12/23	NZ	47	81	40	76	65
2010/12/23	NZ	47	81	40	76	65
2010/12/27	NZ	77	86	42	82	69
2010/12/28	NZ	87	27	44	39	45
2010/12/30	NZ	19	85	2	12	71
2011/01/03	NZ	45	13	34	27	87
2011/01/04	NZ	41	54	65	85	57
2011/01/07	NZ	57	21	47	81	9
2011/01/08	NZ	86	12	41	11	18
2011/01/11	NZ	2	81	23	49	13
2011/01/13	NZ	65	26	69	2	21
2011/01/15	NZ	86	38	9	81	36
2011/01/18	NZ	37	53	9	51	21
2011/01/20	NZ	2	24	36	88	52
2011/01/22	NZ	75	60	24	5	13
2011/01/25	NZ	25	62	27	78	24
2011/01/27	NZ	39	34	56	80	50
2011/01/29	NZ	53	8	65	17	79
2011/02/01	NZ	49	37	61	2	50
2011/02/03	NZ	32	37	42	81	8
2011/02/05	NZ	5	10	87	36	50
2011/02/08	NZ	62	19	46	59	83
2011/02/10	NZ	10	74	29	39	72
2011/02/12	NZ	2	29	19	64	39
2011/02/15	NZ	85	42	58	63	32
2011/02/17	NZ	40	72	11	89	17
2011/02/19	NZ	27	18	88	86	71
2011/02/22	NZ	69	33	89	17	70
2011/02/24	NZ	58	36	62	77	29
2011/02/26	NZ	57	67	36	17	27
2011/03/01	NZ	28	84	76	29	72
2011/03/03	NZ	89	13	77	25	83
2011/03/05	NZ	24	39	8	68	45
2011/03/08	NZ	86	37	51	16	73
2011/03/10	NZ	13	87	90	60	14
2011/03/12	NZ	40	34	74	16	41
2011/03/15	NZ	11	13	21	70	10
2011/03/18	NZ	37	42	59	16	51
2011/03/19	NZ	28	40	81	64	2
2011/03/22	NZ	8	82	78	86	69
2011/03/24	NZ	2	5	75	60	56
2011/03/26	NZ	36	1	9	74	23
2011/03/29	NZ	38	25	80	58	1
2011/03/31	NZ	41	61	76	31	43
2011/04/02	NZ	44	32	63	69	56
2011/04/05	NZ	29	31	32	57	43
2011/04/07	NZ	54	45	63	12	39
2011/04/09	NZ	60	15	63	57	9
2011/04/12	NZ	73	55	35	49	17
2011/04/14	NZ	2	80	48	46	25
2011/04/16	NZ	59	45	71	73	81
2011/04/19	NZ	8	64	30	69	3
2011/04/21	NZ	8	25	20	89	87
2011/04/23	NZ	58	78	69	90	42
2011/04/26	NZ	37	67	72	82	20
2011/04/28	NZ	83	24	20	29	68
2011/04/30	NZ	39	49	81	24	17
2011/05/03	NZ	44	83	62	87	67
2011/05/05	NZ	83	5	56	75	33
2011/05/07	NZ	49	74	76	66	13
2011/05/10	NZ	64	23	29	24	82
2011/05/12	NZ	13	34	47	25	69
2011/05/14	NZ	57	21	17	87	27
2011/05/17	NZ	80	76	34	71	57
2011/05/19	NZ	23	26	70	36	2
2011/05/21	NZ	48	88	2	6	71
2011/05/24	NZ	34	75	53	77	62
2011/05/26	NZ	25	73	21	49	23
2011/05/28	NZ	57	70	55	77	71
2011/05/31	NZ	86	50	73	35	20
2011/06/03	NZ	57	75	47	68	32
2011/06/04	NZ	34	87	33	30	28
2011/06/07	NZ	64	80	21	27	15
2011/06/09	NZ	7	71	31	87	65
2011/06/11	NZ	59	16	57	38	72
2011/06/14	NZ	28	43	50	18	14
2011/06/16	NZ	13	88	4	65	78
2011/06/18	NZ	21	23	19	27	70
2011/06/21	NZ	23	90	72	67	10
2011/06/23	NZ	87	40	11	25	19
2011/06/25	NZ	40	49	69	17	85
2011/06/28	NZ	16	72	77	76	30
2011/06/30	NZ	50	45	47	37	61
2011/07/02	NZ	63	12	66	62	3
2011/07/05	NZ	35	53	66	44	21
2011/07/07	NZ	69	80	29	53	42
2011/07/09	NZ	76	81	12	23	78
2011/07/12	NZ	72	21	14	63	68
2011/07/14	NZ	73	78	27	60	70
2011/07/16	NZ	24	54	5	9	1
2011/07/19	NZ	43	36	53	66	51
2011/07/21	NZ	16	3	66	20	62
2011/07/23	NZ	53	44	19	26	68
2011/07/26	NZ	36	34	17	60	50
2011/07/28	NZ	19	9	8	66	15
2011/07/30	NZ	51	30	47	27	58
2011/08/02	NZ	34	50	61	82	84
2011/08/04	NZ	64	81	45	20	39
2011/08/06	NZ	86	82	16	89	5
2011/08/09	NZ	12	80	35	43	42
2011/08/11	NZ	70	45	83	76	47
2011/08/13	NZ	80	75	49	19	10
2011/08/16	NZ	74	36	68	65	12
2011/08/18	NZ	76	39	88	41	57
2011/08/20	NZ	44	82	36	25	56
2011/08/23	NZ	80	87	28	43	41
2011/08/25	NZ	51	16	82	66	24
2011/08/27	NZ	1	51	86	56	66
2011/08/30	NZ	17	70	59	11	7
2011/09/01	NZ	38	51	65	12	40
2011/09/03	NZ	38	84	50	44	54
2011/09/06	NZ	41	54	57	20	37
2011/09/08	NZ	51	83	86	80	29
2011/09/10	NZ	67	76	13	32	87
2011/09/13	NZ	61	38	35	54	78
2011/09/15	NZ	12	46	74	25	45
2011/09/17	NZ	15	29	88	74	50
2011/09/20	NZ	25	2	15	82	48
2011/09/22	NZ	20	49	42	35	36
2011/09/24	NZ	77	57	64	42	40
2011/09/27	NZ	65	66	29	85	86
2011/09/29	NZ	59	42	15	55	63
2011/10/01	NZ	88	8	68	38	4
2011/10/04	NZ	39	17	76	72	20
2011/10/06	NZ	32	66	10	89	50
2011/10/08	NZ	36	75	13	37	21
2011/10/11	NZ	15	63	79	12	56
2011/10/13	NZ	22	38	54	1	27
2011/10/15	NZ	46	3	37	73	69
2011/10/18	NZ	54	31	33	18	56
2011/10/20	NZ	89	31	3	71	49
2011/10/22	NZ	29	89	27	26	44
2011/10/25	NZ	50	26	7	46	20
2011/10/27	NZ	78	75	64	43	39
2011/10/29	NZ	58	10	32	7	70
2011/11/02	NZ	58	86	13	52	24
2011/11/03	NZ	3	25	26	55	54
2011/11/05	NZ	70	53	36	80	18
2011/11/08	NZ	65	2	73	59	43
2011/11/10	NZ	15	86	69	38	8
2011/11/12	NZ	78	26	45	5	76
2011/11/15	NZ	55	2	85	43	52
2011/11/17	NZ	29	34	23	9	71
2011/11/19	NZ	4	23	84	54	89
2011/11/22	NZ	60	16	14	72	19
2011/11/24	NZ	74	50	66	48	4
2011/11/26	NZ	84	86	36	88	61
2011/11/29	NZ	35	63	58	17	57
2011/12/01	NZ	12	53	55	36	19
2011/12/03	NZ	30	37	41	47	45
2011/12/06	NZ	72	83	60	81	20
2011/12/09	NZ	82	85	64	23	29
2011/12/10	NZ	81	67	7	84	77
2011/12/13	NZ	70	54	31	37	10
2011/12/15	NZ	27	62	4	60	64
2011/12/17	NZ	33	49	12	88	80
2011/12/20	NZ	47	55	59	45	43
2011/12/22	NZ	28	57	62	90	39
2011/12/24	NZ	42	27	43	80	55
2011/12/27	NZ	20	48	76	52	29
2011/12/29	NZ	1	14	10	70	32
2011/12/31	NZ	64	89	27	26	74
2012/01/03	NZ	50	65	8	25	76
2012/01/05	NZ	44	77	51	45	72
2012/01/07	NZ	59	4	30	84	85
2012/01/10	NZ	21	23	27	86	25
2012/01/12	NZ	79	66	15	24	70
2012/01/14	NZ	39	68	75	80	28
2012/01/17	NZ	45	37	52	61	8
2012/01/19	NZ	76	27	47	4	7
2012/01/21	NZ	85	65	40	70	58
2012/01/24	NZ	66	43	80	85	90
2012/01/26	NZ	42	69	89	58	15
2012/01/28	NZ	48	70	68	50	5
2012/01/31	NZ	15	60	77	48	87
2012/02/02	NZ	30	81	64	27	22
2012/02/04	NZ	83	15	90	41	8
2012/02/07	NZ	80	77	57	14	1
2012/02/09	NZ	14	44	54	31	89
2012/02/11	NZ	87	66	43	20	12
2012/02/14	NZ	53	32	18	75	81
2012/02/16	NZ	81	14	16	23	5
2012/02/18	NZ	36	17	61	71	10
2012/02/21	NZ	59	18	5	4	81
2012/02/23	NZ	88	1	17	60	45
2012/02/25	NZ	13	90	58	67	55
2012/02/28	NZ	89	56	82	15	17
2012/03/01	NZ	56	85	49	59	11
2012/03/03	NZ	23	9	49	37	62
2012/03/06	NZ	61	90	85	73	67
2012/03/08	NZ	88	73	49	64	17
2012/03/10	NZ	42	67	62	86	22
2012/03/13	NZ	16	29	7	22	49
2012/03/15	NZ	73	9	87	38	34
2012/03/17	NZ	85	32	44	70	48
2012/03/20	NZ	11	7	50	58	56
2012/03/22	NZ	43	44	26	27	58
2012/03/24	NZ	85	81	60	47	11
2012/03/27	NZ	54	79	78	8	64
2012/03/29	NZ	28	13	71	24	48
2012/03/31	NZ	62	35	48	31	42
2012/04/03	NZ	59	60	44	24	85
2012/04/05	NZ	70	10	32	22	81
2012/04/07	NZ	51	76	45	4	72
2012/04/10	NZ	5	74	11	86	6
2012/04/12	NZ	74	88	61	72	11
2012/04/14	NZ	37	10	3	66	51
2012/04/17	NZ	50	74	82	6	52
2012/04/19	NZ	14	43	33	6	38
2012/04/21	NZ	77	62	1	34	28
2012/04/24	NZ	61	27	8	88	7
2012/04/26	NZ	45	43	29	76	86
2012/04/28	NZ	26	74	17	3	72
2012/05/02	NZ	89	7	77	20	17
2012/05/03	NZ	45	33	14	39	88
2012/05/05	NZ	21	76	81	84	74
2012/05/08	NZ	71	20	34	87	73
2012/05/10	NZ	50	8	80	68	69
2012/05/12	NZ	38	27	43	65	57
2012/05/15	NZ	30	5	58	73	33
2012/05/17	NZ	33	22	8	44	43
2012/05/19	NZ	88	40	42	46	69
2012/05/22	NZ	18	76	25	52	51
2012/05/24	NZ	39	71	64	69	33
2012/05/26	NZ	7	56	85	78	74
2012/05/29	NZ	56	48	80	50	47
2012/05/31	NZ	16	29	71	48	14
2012/06/04	NZ	36	6	24	2	73
2012/06/05	NZ	5	81	80	33	90
2012/06/07	NZ	51	53	27	46	47
2012/06/09	NZ	63	6	49	13	84
2012/06/12	NZ	87	61	44	68	16
2012/06/14	NZ	77	47	69	90	18
2012/06/16	NZ	78	11	79	89	37
2012/06/19	NZ	70	84	2	33	27
2012/06/21	NZ	42	64	53	1	38
2012/06/23	NZ	60	70	52	36	30
2012/06/26	NZ	70	82	9	59	61
2012/06/28	NZ	22	63	68	17	26
2012/06/30	NZ	7	4	82	13	79
2012/07/03	NZ	11	58	73	52	15
2012/07/05	NZ	51	23	66	75	4
2012/07/07	NZ	79	61	24	56	13
2012/07/10	NZ	76	46	25	88	79
2012/07/12	NZ	50	86	20	46	90
2012/07/14	NZ	59	80	15	27	89
2012/07/17	NZ	75	58	41	62	71
2012/07/19	NZ	34	89	10	74	39
2012/07/21	NZ	53	57	56	28	67
2012/07/24	NZ	82	81	73	14	36
2012/07/26	NZ	51	72	28	77	36
2012/07/28	NZ	26	63	48	4	59
2012/07/31	NZ	64	73	58	37	23
2012/08/02	NZ	16	4	2	54	69
2012/08/04	NZ	68	81	12	76	32
2012/08/07	NZ	18	63	23	10	85
2012/08/09	NZ	64	40	17	68	38
2012/08/11	NZ	8	38	77	85	16
2012/08/14	NZ	30	63	13	14	46
2012/08/16	NZ	59	25	4	81	37
2012/08/18	NZ	38	59	21	82	18
2012/08/21	NZ	28	70	50	3	80
2012/08/23	NZ	40	70	61	89	57
2012/08/25	NZ	66	45	9	31	25
2012/08/28	NZ	56	22	15	31	5
2012/08/30	NZ	15	8	57	65	87
2012/09/01	NZ	57	31	26	85	67
2012/09/04	NZ	80	36	4	42	73
2012/09/06	NZ	41	22	39	57	73
2012/09/08	NZ	27	80	2	60	38
2012/09/11	NZ	85	35	24	58	14
2012/09/13	NZ	26	37	56	61	48
2012/09/15	NZ	4	62	58	10	29
2012/09/18	NZ	26	83	41	6	13
2012/09/20	NZ	24	13	44	52	76
2012/09/22	NZ	82	78	2	41	24
2012/09/25	NZ	78	60	35	30	10
2012/09/27	NZ	10	17	49	21	45
2012/09/29	NZ	80	49	43	14	90
2012/10/02	NZ	38	59	24	8	87
2012/10/04	NZ	70	75	33	26	88
2012/10/06	NZ	84	8	38	49	66
2012/10/09	NZ	27	78	48	79	87
2012/10/11	NZ	84	46	29	78	21
2012/10/13	NZ	26	81	54	80	63
2012/10/16	NZ	89	86	55	12	76
2012/10/18	NZ	5	49	2	33	42
2012/10/20	NZ	45	89	46	71	13
2012/10/23	NZ	16	80	14	39	32
2012/10/25	NZ	61	13	42	10	3
2012/10/27	NZ	6	24	33	34	54
2012/10/30	NZ	8	14	11	60	79
2012/11/02	NZ	76	21	57	55	50
2012/11/03	NZ	76	43	50	60	17
2012/11/06	NZ	71	32	38	23	7
2012/11/08	NZ	31	63	56	21	29
2012/11/10	NZ	70	39	9	35	90
2012/11/13	NZ	46	6	44	18	64
2012/11/15	NZ	44	54	48	8	84
2012/11/17	NZ	12	53	79	23	20
2012/11/20	NZ	51	12	90	4	65
2012/11/22	NZ	41	71	88	86	69
2012/11/24	NZ	5	25	38	54	46
2012/11/27	NZ	78	23	11	1	52
2012/11/29	NZ	63	55	52	47	64
2012/12/01	NZ	12	83	33	58	62
2012/12/04	NZ	79	4	62	59	21
2012/12/06	NZ	89	65	63	28	81
2012/12/10	NZ	69	5	57	89	17
2012/12/11	NZ	11	78	59	8	20
2012/12/13	NZ	74	47	37	61	43
2012/12/15	NZ	29	9	51	89	19
2012/12/18	NZ	81	30	67	33	66
2012/12/20	NZ	83	76	55	39	36
2012/12/22	NZ	10	57	58	50	46
2012/12/24	NZ	89	79	60	18	78
2012/12/27	NZ	12	31	6	46	57
2012/12/29	NZ	69	82	79	8	66
2013/01/02	NZ	26	56	57	8	9
2013/01/03	NZ	4	23	25	24	64
2013/01/05	NZ	3	21	9	29	39
2013/01/08	NZ	23	48	11	66	52
2013/01/10	NZ	48	36	10	18	1
2013/01/12	NZ	23	1	90	58	5
2013/01/15	NZ	61	67	49	74	13
2013/01/17	NZ	14	7	23	55	46
2013/01/19	NZ	7	16	62	4	80
2013/01/22	NZ	44	53	19	71	31
2013/01/24	NZ	77	61	32	23	17
2013/01/26	NZ	27	54	28	30	75
2013/01/29	NZ	60	71	83	39	53
2013/01/31	NZ	80	56	79	46	42
2013/02/02	NZ	85	68	33	24	37
2013/02/05	NZ	76	60	62	24	27
2013/02/07	NZ	54	29	34	68	21
2013/02/09	NZ	9	73	70	21	64
2013/02/12	NZ	70	62	5	77	33
2013/02/14	NZ	37	38	47	59	52
2013/02/16	NZ	77	23	17	35	51
2013/02/19	NZ	24	16	27	19	36
2013/02/21	NZ	90	9	52	50	39
2013/02/23	NZ	15	57	74	47	27
2013/02/26	NZ	62	90	5	56	38
2013/02/28	NZ	90	10	9	45	19
2013/03/02	NZ	57	17	72	68	16
2013/03/05	NZ	84	42	21	36	61
2013/03/07	NZ	89	40	6	36	4
2013/03/09	NZ	60	59	40	18	64
2013/03/12	NZ	37	32	81	41	36
2013/03/14	NZ	35	55	9	81	19
2013/03/16	NZ	85	62	69	19	36
2013/03/19	NZ	5	47	48	81	76
2013/03/21	NZ	17	56	74	3	23
2013/03/23	NZ	72	59	57	64	32
2013/03/26	NZ	9	8	21	69	64
2013/03/28	NZ	63	74	5	55	16
2013/03/30	NZ	9	74	39	19	33
2013/04/02	NZ	4	48	71	86	35
2013/04/04	NZ	75	58	57	48	45
2013/04/06	NZ	36	24	6	90	41
2013/04/09	NZ	8	10	47	2	90
2013/04/11	NZ	85	30	50	87	65
2013/04/13	NZ	80	64	67	84	34
2013/04/16	NZ	55	82	53	30	46
2013/04/18	NZ	37	5	76	18	28
2013/04/20	NZ	87	73	30	89	44
2013/04/23	NZ	42	84	22	40	13
2013/04/26	NZ	8	46	41	60	37
2013/04/27	NZ	45	48	19	58	56
2013/04/30	NZ	29	3	82	2	69
2013/05/02	NZ	53	5	58	56	13
2013/05/04	NZ	34	51	59	50	82
2013/05/07	NZ	53	60	29	52	37
2013/05/09	NZ	88	11	56	49	29
2013/05/11	NZ	84	59	76	46	50
2013/05/14	NZ	12	10	71	46	87
2013/05/16	NZ	54	50	48	47	19
2013/05/18	NZ	65	44	21	14	38
2013/05/21	NZ	31	55	40	68	81
2013/05/23	NZ	33	15	59	31	53
2013/05/25	NZ	13	49	39	22	66
2013/05/28	NZ	87	61	40	81	72
2013/05/30	NZ	83	58	52	22	13
2013/06/01	NZ	33	62	86	70	41
2013/06/04	NZ	70	44	4	58	86
2013/06/06	NZ	61	36	75	9	85
2013/06/08	NZ	41	18	50	20	87
2013/06/11	NZ	41	60	13	64	25
2013/06/13	NZ	64	74	68	77	40
2013/06/15	NZ	40	38	56	20	5
2013/06/18	NZ	32	16	6	52	80
2013/06/20	NZ	37	80	79	77	42
2013/06/22	NZ	1	82	23	43	40
2013/06/25	NZ	47	80	27	32	57
2013/06/27	NZ	22	42	26	8	34
2013/06/29	NZ	69	29	50	46	6
2013/07/02	NZ	72	75	30	39	48
2013/07/04	NZ	51	10	52	47	35
2013/07/06	NZ	89	61	52	48	58
2013/07/09	NZ	15	66	26	51	25
2013/07/11	NZ	15	58	65	4	63
2013/07/13	NZ	31	69	23	61	81
2013/07/16	NZ	84	2	23	49	69
2013/07/18	NZ	53	76	68	41	82
2013/07/20	NZ	54	72	13	11	46
2013/07/23	NZ	88	57	52	25	35
2013/07/25	NZ	7	6	64	43	48
2013/07/27	NZ	7	15	33	78	28
2013/07/30	NZ	7	49	90	12	46
2013/08/01	NZ	79	19	82	36	10
2013/08/03	NZ	7	23	9	8	49
2013/08/06	NZ	73	3	15	28	64
2013/08/08	NZ	79	74	84	25	47
2013/08/10	NZ	88	14	32	84	40
2013/08/13	NZ	37	85	68	2	61
2013/08/16	NZ	34	25	43	87	36
2013/08/17	NZ	29	23	55	71	77
2013/08/20	NZ	67	23	32	20	89
2013/08/22	NZ	89	87	68	84	38
2013/08/24	NZ	32	56	68	58	34
2013/08/27	NZ	68	3	19	14	64
2013/08/29	NZ	36	24	71	59	77
2013/08/31	NZ	31	49	47	16	33
2013/09/03	NZ	50	40	78	46	17
2013/09/05	NZ	15	66	39	14	30
2013/09/07	NZ	53	60	58	73	16
2013/09/10	NZ	90	13	33	62	44
2013/09/12	NZ	69	89	57	60	72
2013/09/14	NZ	83	41	23	37	39
2013/09/17	NZ	80	86	28	85	66
2013/09/19	NZ	74	36	28	33	78
2013/09/21	NZ	78	85	66	71	15
2013/09/24	NZ	44	30	22	46	45
2013/09/26	NZ	70	42	60	35	69
2013/09/28	NZ	4	46	60	44	41
2013/10/01	NZ	86	22	27	29	45
2013/10/03	NZ	53	81	22	67	66
2013/10/05	NZ	29	24	53	65	60
2013/10/08	NZ	9	41	83	39	44
2013/10/10	NZ	20	55	52	81	5
2013/10/12	NZ	75	67	64	3	55
2013/10/15	NZ	15	48	33	30	34
2013/10/17	NZ	53	25	51	88	44
2013/10/19	NZ	62	30	40	15	76
2013/10/22	NZ	61	81	90	5	74
2013/10/24	NZ	52	70	18	12	8
2013/10/26	NZ	55	19	49	61	73
2013/10/29	NZ	13	76	90	41	50
2013/10/31	NZ	19	32	28	66	57
2013/11/02	NZ	37	60	87	23	49
2013/11/05	NZ	89	32	11	38	36
2013/11/07	NZ	59	73	82	21	76
2013/11/09	NZ	47	60	66	1	77
2013/11/12	NZ	55	85	32	36	56
2013/11/14	NZ	72	39	66	6	34
2013/11/16	NZ	80	29	71	17	10
2013/11/19	NZ	86	54	65	4	50
2013/11/21	NZ	48	36	19	21	61
2013/11/23	NZ	11	72	14	81	87
2013/11/26	NZ	85	89	9	73	2
2013/11/28	NZ	85	9	45	62	37
2013/11/30	NZ	10	5	42	61	4
2013/12/03	NZ	40	33	32	17	85
2013/12/05	NZ	62	86	7	57	36
2013/12/07	NZ	19	57	40	50	29
2013/12/10	NZ	86	60	56	5	58
2013/12/12	NZ	85	76	40	82	14
2013/12/14	NZ	28	72	41	76	42
2013/12/17	NZ	9	86	65	22	5
2013/12/19	NZ	65	79	56	16	33
2013/12/21	NZ	64	37	39	73	74
2013/12/24	NZ	35	82	33	22	19
2013/12/27	NZ	15	13	34	11	37
2013/12/28	NZ	28	8	80	34	24
2013/12/31	NZ	66	27	53	55	12
2014/01/02	NZ	80	1	27	67	38
2014/01/04	NZ	25	22	47	36	40
2014/01/07	NZ	66	59	76	6	57
2014/01/09	NZ	39	24	1	33	56
2014/01/11	NZ	69	89	4	40	25
2014/01/14	NZ	83	13	10	15	82
2014/01/16	NZ	62	75	56	18	32
2014/01/18	NZ	24	50	6	20	29
2014/01/21	NZ	60	80	37	13	11
2014/01/23	NZ	20	74	88	49	17
2014/01/25	NZ	65	17	56	57	81
2014/01/28	NZ	31	15	12	50	11
2014/01/30	NZ	9	63	83	89	53
2014/02/01	NZ	27	24	13	37	74
2014/02/04	NZ	42	19	78	55	2
2014/02/06	NZ	34	71	57	73	79
2014/02/08	NZ	9	90	89	77	25
2014/02/11	NZ	38	1	7	81	4
2014/02/13	NZ	27	74	87	50	24
2014/02/15	NZ	76	6	80	33	25
2014/02/18	NZ	22	13	9	62	68
2014/02/20	NZ	5	86	21	38	60
2014/02/22	NZ	46	24	10	25	73
2014/02/25	NZ	61	75	21	43	39
2014/02/27	NZ	29	6	64	46	36
2014/03/01	NZ	67	75	1	82	63
2014/03/04	NZ	11	74	53	41	76
2014/03/06	NZ	31	66	2	72	54
2014/03/08	NZ	69	32	47	9	60
2014/03/11	NZ	29	46	51	31	37
2014/03/13	NZ	1	11	45	34	59
2014/03/15	NZ	76	84	33	40	19
2014/03/18	NZ	32	65	89	49	80
2014/03/20	NZ	50	14	36	47	56
2014/03/22	NZ	85	11	23	33	2
2014/03/25	NZ	59	30	34	37	75
2014/03/27	NZ	63	84	29	61	54
2014/03/29	NZ	62	40	4	50	67
2014/04/01	NZ	4	70	30	43	40
2014/04/03	NZ	11	89	9	61	79
2014/04/05	NZ	40	43	66	59	19
2014/04/08	NZ	58	90	62	56	39
2014/04/10	NZ	4	78	25	52	26
2014/04/12	NZ	82	66	87	89	29
2014/04/15	NZ	84	15	9	44	76
2014/04/17	NZ	49	58	63	8	24
2014/04/19	NZ	50	89	45	73	8
2014/04/22	NZ	45	85	56	39	31
2014/04/24	NZ	21	8	69	33	65
2014/04/26	NZ	58	37	12	23	50
2014/04/29	NZ	1	6	22	89	70
2014/05/02	NZ	77	10	19	46	37
2014/05/03	NZ	77	22	13	58	45
2014/05/06	NZ	6	89	28	85	75
2014/05/08	NZ	16	14	88	55	46
2014/05/10	NZ	70	67	15	87	38
2014/05/13	NZ	88	15	6	53	16
2014/05/15	NZ	13	40	2	39	12
2014/05/17	NZ	23	43	67	61	24
2014/05/20	NZ	41	26	9	90	80
2014/05/22	NZ	27	5	46	57	26
2014/05/24	NZ	22	76	48	87	9
2014/05/27	NZ	3	75	46	53	79
2014/05/29	NZ	87	37	56	5	79
2014/05/31	NZ	86	60	20	61	31
2014/06/03	NZ	6	84	42	35	50
2014/06/05	NZ	63	25	87	22	33
2014/06/07	NZ	67	25	22	19	33
2014/06/10	NZ	53	45	65	90	24
2014/06/12	NZ	6	18	38	73	44
2014/06/14	NZ	80	50	84	42	33
2014/06/17	NZ	78	39	76	50	52
2014/06/19	NZ	49	14	43	29	85
2014/06/21	NZ	7	46	65	69	80
2014/06/24	NZ	59	66	39	58	67
2014/06/26	NZ	16	5	31	57	19
2014/06/28	NZ	52	70	65	68	7
2014/07/01	NZ	11	16	28	70	2
2014/07/03	NZ	19	44	53	63	48
2014/07/05	NZ	66	2	89	85	6
2014/07/08	NZ	89	65	13	19	63
2014/07/10	NZ	62	61	86	8	6
2014/07/12	NZ	46	32	20	74	9
2014/07/15	NZ	76	35	37	80	45
2014/07/17	NZ	38	43	70	18	20
2014/07/19	NZ	12	9	57	21	54
2014/07/22	NZ	37	17	76	35	5
2014/07/24	NZ	55	3	40	29	61
2014/07/26	NZ	36	49	87	76	15
2014/07/29	NZ	8	18	27	81	43
2014/07/31	NZ	61	31	3	52	25
2014/08/02	NZ	81	21	83	89	52
2014/08/05	NZ	62	48	11	4	36
2014/08/07	NZ	12	54	47	82	37
2014/08/09	NZ	63	26	35	13	31
2014/08/12	NZ	19	51	81	58	36
2014/08/14	NZ	18	37	63	8	68
2014/08/16	NZ	43	80	51	23	70
2014/08/19	NZ	49	86	29	77	22
2014/08/21	NZ	60	21	20	25	80
2014/08/23	NZ	84	54	90	21	68
2014/08/26	NZ	66	57	70	22	43
2014/08/28	NZ	42	53	67	6	47
2014/08/30	NZ	23	34	66	5	35
2014/09/02	NZ	65	29	49	27	16
2014/09/04	NZ	24	71	8	69	55
2014/09/06	NZ	35	13	24	86	3
2014/09/09	NZ	71	64	48	51	31
2014/09/11	NZ	54	17	58	78	15
2014/09/13	NZ	50	67	7	32	55
2014/09/16	NZ	27	13	31	9	74
2014/09/18	NZ	14	41	27	83	22
2014/09/20	NZ	5	17	57	39	50
2014/09/23	NZ	68	62	48	11	65
2014/09/25	NZ	83	13	66	47	42
2014/09/27	NZ	35	68	67	58	74
2014/09/30	NZ	2	18	37	11	57
2014/10/02	NZ	72	25	18	15	33
2014/10/04	NZ	81	5	9	78	31
2014/10/07	NZ	10	85	47	25	11
2014/10/09	NZ	29	55	73	10	28
2014/10/11	NZ	13	52	5	62	18
2014/10/14	NZ	20	23	32	58	3
2014/10/16	NZ	14	50	78	59	80
2014/10/18	NZ	9	30	18	51	12
2014/10/21	NZ	16	17	6	30	82
2014/10/23	NZ	50	49	32	2	27
2014/10/25	NZ	86	7	31	28	60
2014/10/28	NZ	30	22	6	88	38
2014/10/30	NZ	72	38	39	69	18
2014/11/03	NZ	34	31	89	14	53
2014/11/04	NZ	86	85	78	25	30
2014/11/06	NZ	37	85	79	71	25
2014/11/08	NZ	25	69	70	37	72
2014/11/11	NZ	13	47	80	20	3
2014/11/13	NZ	5	87	69	40	73
2014/11/15	NZ	48	10	45	34	80
2014/11/18	NZ	77	7	88	62	36
2014/11/20	NZ	23	17	79	73	24
2014/11/22	NZ	13	74	8	3	83
2014/11/25	NZ	54	79	87	23	9
2014/11/27	NZ	35	26	75	67	51
2014/11/29	NZ	35	74	32	47	20
2014/12/02	NZ	41	28	89	25	27
2014/12/04	NZ	8	81	46	86	17
2014/12/06	NZ	54	90	20	77	43
2014/12/09	NZ	86	23	73	82	45
2014/12/11	NZ	55	72	87	49	51
2014/12/13	NZ	88	70	18	12	17
2014/12/16	NZ	31	10	49	13	43
2014/12/18	NZ	68	24	28	4	90
2014/12/20	NZ	4	21	51	75	61
2014/12/23	NZ	88	82	78	2	16
2014/12/24	NZ	10	24	82	86	90
2014/12/27	NZ	10	19	47	1	87
2014/12/30	NZ	80	52	66	69	51
2015/01/02	NZ	52	58	53	11	75
2015/01/03	NZ	30	31	35	23	84
2015/01/07	NZ	35	76	37	42	58
2015/01/08	NZ	8	5	27	64	61
2015/01/10	NZ	44	38	79	18	57
2015/01/13	NZ	62	76	19	32	34
2015/01/15	NZ	23	86	76	33	12
2015/01/17	NZ	46	40	86	4	42
2015/01/20	NZ	86	14	68	7	47
2015/01/22	NZ	77	84	87	46	54
2015/01/24	NZ	7	89	56	24	81
2015/01/27	NZ	44	25	69	59	60
2015/01/29	NZ	72	31	46	10	52
2015/01/31	NZ	46	53	68	28	43
2015/02/03	NZ	75	6	74	68	60
2015/02/05	NZ	25	38	9	71	86
2015/02/07	NZ	45	44	13	6	84
2015/02/10	NZ	36	15	43	2	1
2015/02/12	NZ	33	7	17	61	82
2015/02/14	NZ	70	46	50	10	89
2015/02/17	NZ	88	27	37	45	12
2015/02/19	NZ	12	30	43	16	31
2015/02/21	NZ	40	19	2	63	16
2015/02/24	NZ	80	47	86	81	70
2015/02/26	NZ	64	17	82	44	87
2015/02/28	NZ	74	4	41	64	10
2015/03/03	NZ	55	33	21	7	49
2015/03/05	NZ	11	65	75	33	30
2015/03/07	NZ	4	18	33	90	71
2015/03/10	NZ	2	79	73	87	18
2015/03/12	NZ	52	2	72	59	5
2015/03/14	NZ	29	54	33	76	7
2015/03/17	NZ	63	17	29	60	42
2015/03/19	NZ	83	44	82	24	38
2015/03/21	NZ	38	70	66	5	61
2015/03/24	NZ	31	60	57	14	29
2015/03/26	NZ	6	3	90	16	84
2015/03/28	NZ	78	61	32	67	63
2015/03/31	NZ	8	71	61	16	50
2015/04/02	NZ	83	77	56	89	40
2015/04/04	NZ	43	59	86	10	41
2015/04/07	NZ	5	51	44	4	59
2015/04/09	NZ	8	79	81	51	48
2015/04/11	NZ	57	80	19	71	60
2015/04/14	NZ	24	55	4	59	54
2015/04/16	NZ	67	54	83	57	8
2015/04/18	NZ	7	46	31	28	89
2015/04/21	NZ	72	60	14	32	79
2015/04/23	NZ	79	62	40	42	75
2015/04/27	NZ	66	74	33	68	59
2015/04/28	NZ	78	23	33	47	16
2015/04/30	NZ	21	4	30	1	45
2015/05/02	NZ	42	36	67	77	2
2015/05/05	NZ	53	4	88	77	52
2015/05/07	NZ	10	85	28	84	25
2015/05/09	NZ	45	71	54	24	25
2015/05/12	NZ	55	4	68	82	1
2015/05/14	NZ	82	70	47	22	84
2015/05/16	NZ	89	34	16	69	33
2015/05/19	NZ	54	34	29	76	24
2015/05/21	NZ	83	63	26	10	67
2015/05/23	NZ	37	16	66	40	78
2015/05/26	NZ	66	22	52	17	55
2015/05/28	NZ	13	28	26	57	83
2015/05/30	NZ	53	45	12	89	74
2015/06/03	NZ	53	20	48	75	29
2015/06/04	NZ	16	81	74	2	45
2015/06/06	NZ	45	76	86	82	74
2015/06/09	NZ	69	78	44	10	62
2015/06/11	NZ	31	30	76	90	52
2015/06/13	NZ	86	37	83	81	49
2015/06/16	NZ	70	11	17	47	65
2015/06/18	NZ	62	19	22	77	60
2015/06/20	NZ	73	10	40	22	19
2015/06/23	NZ	39	73	35	84	33
2015/06/25	NZ	17	9	30	13	20
2015/06/27	NZ	17	52	19	81	10
2015/06/30	NZ	31	45	7	16	28
2015/07/02	NZ	20	17	62	52	22
2015/07/04	NZ	4	1	27	31	58
2015/07/07	NZ	80	55	76	71	40
2015/07/09	NZ	27	29	68	66	84
2015/07/11	NZ	63	66	89	7	82
2015/07/14	NZ	18	2	74	46	8
2015/07/16	NZ	35	67	19	29	73
2015/07/18	NZ	48	33	78	86	43
2015/07/21	NZ	41	48	22	37	44
2015/07/23	NZ	26	13	38	84	40
2015/07/25	NZ	75	56	64	72	30
2015/07/28	NZ	76	37	77	82	16
2015/07/30	NZ	86	72	9	33	50
2015/08/01	NZ	77	56	90	5	33
2015/08/04	NZ	56	10	12	19	69
2015/08/06	NZ	2	59	6	7	8
2015/08/08	NZ	85	8	71	28	12
2015/08/11	NZ	76	43	26	47	29
2015/08/13	NZ	21	37	75	38	36
2015/08/17	NZ	16	11	48	4	39
2015/08/18	NZ	4	1	77	42	87
2015/08/20	NZ	45	25	50	48	46
2015/08/22	NZ	65	30	67	17	3
2015/08/25	NZ	81	82	27	90	40
2015/08/27	NZ	89	59	15	69	65
2015/08/29	NZ	34	70	5	47	22
2015/09/01	NZ	33	18	49	60	22
2015/09/03	NZ	80	63	5	48	39
2015/09/05	NZ	31	60	43	47	14
2015/09/08	NZ	26	14	82	27	67
2015/09/10	NZ	27	63	3	56	26
2015/09/12	NZ	50	75	52	71	85
2015/09/15	NZ	45	2	24	11	1
2015/09/17	NZ	57	37	41	15	12
2015/09/19	NZ	3	46	38	82	77
2015/09/22	NZ	65	21	88	41	34
2015/09/24	NZ	11	9	42	38	85
2015/09/26	NZ	42	73	44	60	66
2015/09/29	NZ	71	90	19	39	35
2015/10/01	NZ	64	22	87	41	48
2015/10/03	NZ	33	24	65	52	41
2015/10/06	NZ	36	63	8	67	81
2015/10/08	NZ	64	51	24	42	74
2015/10/10	NZ	51	4	82	42	28
2015/10/13	NZ	60	39	59	13	26
2015/10/15	NZ	7	38	63	14	15
2015/10/17	NZ	57	18	5	41	12
2015/10/20	NZ	6	81	23	54	77
2015/10/22	NZ	86	65	45	30	47
2015/10/24	NZ	35	20	47	68	28
2015/10/27	NZ	73	84	67	15	90
2015/10/29	NZ	44	24	32	39	35
2015/10/31	NZ	90	48	54	17	82
2015/11/03	NZ	63	80	7	71	11
2015/11/05	NZ	4	59	43	45	33
2015/11/07	NZ	86	84	32	10	22
2015/11/10	NZ	78	37	16	6	73
2015/11/12	NZ	6	77	81	17	68
2015/11/14	NZ	23	73	36	27	59
2015/11/17	NZ	81	51	70	28	72
2015/11/19	NZ	59	72	30	76	61
2015/11/21	NZ	22	66	65	18	19
2015/11/24	NZ	83	73	82	56	81
2015/11/26	NZ	40	7	31	63	24
2015/11/28	NZ	77	27	71	33	42
2015/12/01	NZ	5	29	28	89	63
2015/12/03	NZ	76	14	45	27	42
2015/12/05	NZ	38	58	47	33	44
2015/12/09	NZ	3	68	5	73	18
2015/12/10	NZ	39	86	44	71	54
2015/12/12	NZ	54	36	55	2	65
2015/12/15	NZ	28	42	57	68	13
2015/12/17	NZ	85	50	34	29	74
2015/12/19	NZ	18	41	15	3	29
2015/12/22	NZ	69	33	21	13	46
2015/12/24	NZ	27	76	44	69	75
2015/12/28	NZ	54	55	57	34	49
2015/12/29	NZ	80	20	57	12	15
2015/12/31	NZ	5	44	27	14	9
2016/01/02	NZ	12	15	90	22	50
2016/01/05	NZ	60	52	8	24	6
2016/01/07	NZ	73	16	34	19	4
2016/01/09	NZ	71	82	24	35	22
2016/01/12	NZ	90	44	79	36	39
2016/01/14	NZ	77	37	39	57	43
2016/01/16	NZ	56	49	33	87	51
2016/01/19	NZ	42	32	45	65	54
2016/01/21	NZ	2	80	62	38	3
2016/01/23	NZ	78	74	7	43	68
2016/01/26	NZ	79	55	38	34	39
2016/01/28	NZ	76	86	74	82	4
2016/01/30	NZ	70	55	19	80	35
2016/02/02	NZ	89	7	5	50	76
2016/02/04	NZ	2	42	41	10	66
2016/02/06	NZ	17	30	52	46	2
2016/02/09	NZ	7	5	16	49	50
2016/02/11	NZ	42	55	39	14	34
2016/02/13	NZ	33	89	16	9	22
2016/02/16	NZ	49	55	32	4	46
2016/02/18	NZ	67	72	73	48	89
2016/02/20	NZ	60	84	47	67	41
2016/02/23	NZ	19	67	78	33	56
2016/02/25	NZ	78	72	74	9	24
2016/02/27	NZ	61	54	43	58	4
2016/03/01	NZ	59	61	47	50	54
2016/03/03	NZ	40	44	90	64	42
2016/03/05	NZ	24	60	80	28	4
2016/03/08	NZ	57	28	52	4	81
2016/03/10	NZ	47	42	50	63	57
2016/03/12	NZ	2	81	6	76	66
2016/03/15	NZ	90	16	18	74	22
2016/03/17	NZ	4	83	41	1	6
2016/03/19	NZ	42	54	74	7	89
2016/03/22	NZ	3	63	23	18	30
2016/03/24	NZ	14	87	78	8	63
2016/03/26	NZ	9	64	66	51	58
2016/03/29	NZ	72	85	12	34	75
2016/03/31	NZ	13	8	55	25	62
2016/04/02	NZ	77	26	47	80	62
2016/04/05	NZ	29	78	28	68	71
2016/04/07	NZ	15	17	49	72	27
2016/04/09	NZ	9	37	82	32	39
2016/04/12	NZ	90	78	34	12	73
2016/04/14	NZ	26	3	6	57	82
2016/04/16	NZ	58	29	17	68	41
2016/04/19	NZ	65	35	5	16	69
2016/04/21	NZ	72	39	30	67	49
2016/04/23	NZ	52	15	43	78	42
2016/04/26	NZ	5	66	16	61	18
2016/04/28	NZ	27	34	10	70	19
2016/04/30	NZ	6	57	79	23	59
2016/05/03	NZ	22	76	19	9	72
2016/05/05	NZ	58	56	48	42	9
2016/05/07	NZ	5	83	76	25	3
2016/05/10	NZ	1	31	79	69	38
2016/05/12	NZ	3	55	63	77	28
2016/05/14	NZ	85	30	46	22	63
2016/05/17	NZ	88	42	50	6	78
2016/05/19	NZ	86	62	79	26	16
2016/05/21	NZ	65	77	31	42	5
2016/05/24	NZ	62	30	21	71	2
2016/05/26	NZ	63	64	85	31	62
2016/05/28	NZ	85	38	64	6	7
2016/05/31	NZ	72	45	79	1	88
2016/06/03	NZ	11	69	12	4	35
2016/06/04	NZ	42	80	46	57	88
2016/06/07	NZ	25	77	33	13	65
2016/06/09	NZ	68	44	81	15	58
2016/06/11	NZ	32	25	9	58	73
2016/06/14	NZ	33	83	90	59	20
2016/06/16	NZ	55	48	46	9	11
2016/06/18	NZ	37	14	22	42	8
2016/06/21	NZ	70	82	51	81	24
2016/06/23	NZ	44	87	36	50	15
2016/06/25	NZ	43	82	11	45	61
2016/06/28	NZ	51	11	18	84	62
2016/06/30	NZ	85	65	36	34	17
2016/07/02	NZ	82	3	80	67	1
2016/07/05	NZ	49	88	18	41	4
2016/07/07	NZ	46	10	29	88	39
2016/07/09	NZ	13	20	77	54	72
2016/07/12	NZ	45	62	47	3	43
2016/07/14	NZ	20	75	54	76	31
2016/07/16	NZ	83	14	30	81	47
2016/07/19	NZ	16	90	14	63	13
2016/07/21	NZ	90	55	4	87	62
2016/07/23	NZ	18	64	15	78	87
2016/07/26	NZ	10	18	70	42	90
2016/07/28	NZ	76	21	58	51	5
2016/07/30	NZ	25	4	46	61	7
2016/08/02	NZ	31	77	84	85	34
2016/08/04	NZ	21	31	67	88	83
2016/08/06	NZ	29	80	46	51	37
2016/08/09	NZ	73	33	8	63	50
2016/08/11	NZ	25	1	80	54	41
2016/08/13	NZ	71	14	82	20	50
2016/08/16	NZ	1	22	61	46	30
2016/08/18	NZ	18	84	23	2	47
2016/08/20	NZ	75	67	1	36	54
2016/08/23	NZ	6	66	36	64	34
2016/08/25	NZ	75	9	22	57	24
2016/08/27	NZ	82	3	47	70	18
2016/08/30	NZ	69	71	54	55	79
2016/09/01	NZ	70	75	25	38	16
2016/09/03	NZ	35	71	14	89	54
2016/09/06	NZ	87	73	18	54	62
2016/09/08	NZ	90	21	31	75	78
2016/09/10	NZ	86	47	80	29	56
2016/09/13	NZ	52	15	58	62	44
2016/09/15	NZ	31	19	24	9	84
2016/09/17	NZ	34	4	87	24	70
2016/09/20	NZ	15	81	39	68	66
2016/09/22	NZ	88	60	8	81	84
2016/09/24	NZ	82	65	64	88	17
2016/09/27	NZ	80	82	24	55	69
2016/09/29	NZ	1	45	60	15	85
2016/10/01	NZ	23	26	30	88	20
2016/10/04	NZ	48	6	56	10	29
2016/10/06	NZ	14	56	88	7	17
2016/10/08	NZ	35	51	30	67	17
2016/10/11	NZ	64	39	6	67	38
2016/10/13	NZ	79	33	50	14	34
2016/10/15	NZ	71	28	64	85	47
2016/10/18	NZ	24	84	82	61	35
2016/10/20	NZ	82	18	19	61	54
2016/10/22	NZ	50	7	90	19	44
2016/10/25	NZ	31	36	80	1	79
2016/10/27	NZ	69	31	18	14	78
2016/10/29	NZ	80	33	30	60	36
2016/11/02	NZ	33	63	67	60	32
2016/11/03	NZ	8	1	62	4	79
2016/11/05	NZ	86	38	54	5	85
2016/11/08	NZ	11	54	59	70	55
2016/11/10	NZ	57	73	33	65	14
2016/11/12	NZ	12	7	13	5	46
2016/11/15	NZ	3	86	79	34	43
2016/11/17	NZ	35	73	16	78	89
2016/11/19	NZ	67	18	57	71	40
2016/11/22	NZ	5	23	64	61	28
2016/11/24	NZ	56	14	58	45	84
2016/11/26	NZ	25	38	21	69	28
2016/11/29	NZ	32	36	59	51	76
2016/12/01	NZ	15	11	10	79	44
2016/12/03	NZ	42	32	1	87	75
2016/12/06	NZ	20	36	74	58	29
2016/12/09	NZ	74	16	42	48	27
2016/12/10	NZ	23	31	73	40	75
2016/12/13	NZ	48	21	45	76	22
2016/12/15	NZ	44	82	9	15	13
2016/12/17	NZ	3	33	61	77	80
2016/12/20	NZ	24	22	69	66	90
2016/12/22	NZ	18	79	39	38	61
2016/12/24	NZ	44	60	62	79	13
2016/12/27	NZ	51	83	85	18	58
2016/12/29	NZ	42	3	50	71	16
2016/12/31	NZ	25	3	90	29	41
2017/01/03	NZ	76	4	74	2	69
2017/01/05	NZ	33	17	26	79	36
2017/01/07	NZ	31	69	86	60	46
2017/01/10	NZ	48	6	49	36	20
2017/01/12	NZ	77	17	23	66	45
2017/01/14	NZ	49	28	7	3	15
2017/01/17	NZ	70	17	80	18	72
2017/01/19	NZ	45	32	26	55	72
2017/01/21	NZ	63	12	9	64	17
2017/01/24	NZ	53	41	14	77	67
2017/01/26	NZ	56	54	30	12	88
2017/01/28	NZ	19	70	12	16	31
2017/01/31	NZ	10	46	56	9	11
2017/02/02	NZ	72	32	49	16	63
2017/02/04	NZ	89	17	38	24	51
2017/02/07	NZ	57	45	31	25	82
2017/02/09	NZ	33	83	61	80	78
2017/02/11	NZ	5	31	42	4	26
2017/02/14	NZ	81	75	19	6	50
2017/02/16	NZ	64	39	66	49	35
2017/02/18	NZ	80	76	17	57	33
2017/02/21	NZ	59	49	20	30	14
2017/02/23	NZ	32	40	46	66	74
2017/02/25	NZ	31	26	5	41	74
2017/02/28	NZ	67	62	57	84	9
2017/03/02	NZ	63	37	51	9	13
2017/03/04	NZ	56	32	70	52	86
2017/03/07	NZ	4	43	59	73	9
2017/03/09	NZ	60	52	32	7	10
2017/03/11	NZ	16	77	26	20	41
2017/03/14	NZ	80	81	21	54	74
2017/03/16	NZ	40	39	10	19	26
2017/03/18	NZ	17	43	70	86	88
2017/03/21	NZ	89	60	63	83	25
2017/03/23	NZ	77	35	82	84	20
2017/03/25	NZ	86	1	67	82	41
2017/03/28	NZ	30	40	50	20	56
2017/03/30	NZ	52	78	36	59	28
2017/04/01	NZ	55	79	44	80	74
2017/04/04	NZ	30	52	59	9	82
2017/04/06	NZ	81	56	87	31	2
2017/04/08	NZ	28	12	78	38	36
2017/04/11	NZ	35	4	54	80	86
2017/04/13	NZ	44	11	79	2	90
2017/04/15	NZ	32	11	58	66	1
2017/04/18	NZ	80	31	28	89	10
2017/04/20	NZ	56	18	33	16	77
2017/04/22	NZ	25	86	75	47	24
2017/04/26	NZ	85	77	11	42	17
2017/04/27	NZ	31	81	39	57	46
2017/04/29	NZ	25	23	14	9	53
2017/05/02	NZ	27	83	41	37	23
2017/05/04	NZ	40	78	43	75	55
2017/05/06	NZ	30	81	55	37	41
2017/05/09	NZ	40	42	24	27	71
2017/05/11	NZ	72	58	59	13	61
2017/05/13	NZ	43	89	50	5	7
2017/05/16	NZ	47	54	87	76	38
2017/05/18	NZ	3	52	61	38	70
2017/05/20	NZ	64	59	70	28	48
2017/05/23	NZ	70	64	62	48	35
2017/05/25	NZ	48	89	12	72	50
2017/05/27	NZ	89	71	20	73	50
2017/05/30	NZ	69	51	10	65	39
2017/06/01	NZ	60	35	13	68	9
2017/06/03	NZ	53	37	78	24	58
2017/06/06	NZ	69	16	90	54	52
2017/06/08	NZ	48	38	83	85	22
2017/06/10	NZ	2	21	1	76	39
2017/06/13	NZ	77	59	43	33	79
2017/06/15	NZ	33	32	77	50	44
2017/06/17	NZ	25	21	38	67	34
2017/06/20	NZ	11	35	58	89	59
2017/06/22	NZ	2	25	42	70	37
2017/06/24	NZ	47	46	15	19	34
2017/06/27	NZ	75	87	42	36	84
2017/06/29	NZ	67	81	61	90	1
2017/07/01	NZ	55	13	28	44	21
2017/07/04	NZ	67	27	20	52	34
2017/07/06	NZ	34	38	15	55	20
2017/07/08	NZ	35	68	13	44	82
2017/07/11	NZ	17	26	67	74	21
2017/07/13	NZ	34	78	38	73	13
2017/07/15	NZ	20	77	23	10	78
2017/07/18	NZ	84	40	12	17	29
2017/07/20	NZ	46	54	42	10	79
2017/07/22	NZ	31	8	56	53	12
2017/07/25	NZ	6	79	38	55	41
2017/07/27	NZ	44	50	87	8	70
2017/07/29	NZ	61	41	72	44	26
2017/08/01	NZ	76	28	40	68	45
2017/08/03	NZ	12	28	68	35	29
2017/08/05	NZ	78	7	73	69	80
2017/08/08	NZ	7	42	19	34	25
2017/08/10	NZ	81	87	29	38	90
2017/08/12	NZ	8	62	46	15	61
2017/08/16	NZ	42	55	83	82	5
2017/08/17	NZ	48	75	45	72	34
2017/08/19	NZ	23	54	7	9	63
2017/08/22	NZ	2	78	11	59	69
2017/08/24	NZ	68	66	50	36	9
2017/08/26	NZ	4	9	77	76	38
2017/08/29	NZ	17	70	7	26	47
2017/08/31	NZ	51	19	24	82	84
2017/09/02	NZ	2	72	55	16	63
2017/09/05	NZ	41	3	13	52	57
2017/09/07	NZ	90	22	21	49	60
2017/09/09	NZ	41	67	46	53	80
2017/09/12	NZ	66	77	64	51	60
2017/09/14	NZ	71	85	55	12	65
2017/09/16	NZ	67	29	56	22	48
2017/09/19	NZ	88	39	35	87	47
2017/09/21	NZ	87	59	77	36	85
2017/09/23	NZ	78	86	51	27	43
2017/09/26	NZ	48	62	17	32	2
2017/09/28	NZ	32	65	2	61	17
2017/09/30	NZ	72	85	71	49	82
2017/10/03	NZ	20	14	26	23	9
2017/10/05	NZ	60	49	36	54	30
2017/10/07	NZ	81	83	82	29	35
2017/10/10	NZ	6	81	12	51	28
2017/10/12	NZ	21	59	18	55	41
2017/10/14	NZ	50	59	85	10	49
2017/10/17	NZ	38	55	75	25	15
2017/10/19	NZ	77	79	29	59	5
2017/10/21	NZ	59	70	65	85	11
2017/10/24	NZ	86	3	59	45	23
2017/10/26	NZ	49	82	89	69	86
2017/10/28	NZ	38	64	28	26	21
2017/10/31	NZ	86	48	85	13	1
2017/11/02	NZ	40	32	77	76	62
2017/11/04	NZ	2	84	44	34	39
2017/11/07	NZ	72	54	30	85	62
2017/11/09	NZ	64	24	80	41	31
2017/11/11	NZ	64	33	79	73	41
2017/11/14	NZ	71	62	73	69	50
2017/11/16	NZ	62	1	18	24	85
2017/11/18	NZ	37	75	73	41	7
2017/11/21	NZ	27	83	4	82	50
2017/11/23	NZ	74	26	30	21	90
2017/11/25	NZ	8	62	61	34	65
2017/11/28	NZ	39	3	84	75	26
2017/11/30	NZ	10	22	41	81	89
2017/12/02	NZ	90	18	62	9	85
2017/12/05	NZ	68	80	21	33	55
2017/12/07	NZ	37	12	34	51	47
2017/12/09	NZ	72	14	59	30	77
2017/12/12	NZ	68	36	48	56	88
2017/12/14	NZ	75	3	74	36	46
2017/12/16	NZ	40	85	75	56	14
2017/12/19	NZ	28	79	41	1	52
2017/12/21	NZ	6	88	13	42	80
2017/12/23	NZ	80	9	52	7	16
2017/12/27	NZ	76	66	24	26	16
2017/12/28	NZ	53	23	50	51	78
2017/12/30	NZ	49	19	37	1	78
2018/01/02	NZ	11	65	20	31	89
2018/01/04	NZ	16	79	65	39	58
2018/01/08	NZ	49	51	26	88	82
2018/01/09	NZ	61	54	51	56	40
2018/01/11	NZ	41	83	38	84	56
2018/01/13	NZ	73	68	43	63	62
2018/01/16	NZ	22	74	2	43	18
2018/01/18	NZ	58	26	62	54	15
2018/01/20	NZ	28	29	1	35	8
2018/01/23	NZ	7	57	37	83	34
2018/01/25	NZ	75	66	9	11	69
2018/01/27	NZ	78	13	35	36	38
2018/01/30	NZ	25	57	43	90	86
2018/02/01	NZ	64	67	23	56	63
2018/02/03	NZ	81	31	77	36	8
2018/02/06	NZ	2	56	48	1	22
2018/02/08	NZ	34	25	90	17	46
2018/02/10	NZ	50	26	65	49	90
2018/02/13	NZ	1	25	34	47	74
2018/02/15	NZ	85	61	84	52	32
2018/02/17	NZ	85	49	52	58	68
2018/02/20	NZ	34	14	36	61	60
2018/02/22	NZ	70	6	24	76	19
2018/02/24	NZ	3	15	6	46	29
2018/02/27	NZ	84	80	51	52	41
2018/03/01	NZ	40	57	2	49	5
2018/03/03	NZ	84	65	22	28	44
2018/03/06	NZ	52	13	31	81	68
2018/03/08	NZ	78	1	23	36	13
2018/03/10	NZ	48	37	61	38	13
2018/03/13	NZ	66	30	25	53	20
2018/03/15	NZ	54	73	23	79	89
2018/03/17	NZ	26	37	15	39	1
2018/03/20	NZ	62	7	90	70	33
2018/03/22	NZ	43	80	19	51	57
2018/03/24	NZ	15	27	10	23	19
2018/03/27	NZ	8	54	66	45	21
2018/03/29	NZ	7	19	40	80	88
2018/03/31	NZ	55	31	17	88	27
2018/04/03	NZ	61	11	48	51	25
2018/04/05	NZ	78	3	80	52	27
2018/04/07	NZ	59	89	44	25	35
2018/04/10	NZ	29	54	83	14	30
2018/04/12	NZ	80	68	59	69	13
2018/04/14	NZ	46	51	81	45	10
2018/04/17	NZ	29	4	62	57	31
2018/04/19	NZ	6	18	27	43	3
2018/04/21	NZ	10	22	82	64	71
2018/04/24	NZ	32	40	36	60	24
2018/04/26	NZ	30	25	85	44	23
2018/04/28	NZ	69	63	81	27	65
2018/05/02	NZ	16	18	5	29	10
2018/05/03	NZ	36	82	73	43	57
2018/05/05	NZ	89	6	36	45	72
2018/05/08	NZ	9	86	4	85	65
2018/05/10	NZ	59	42	80	53	44
2018/05/12	NZ	10	58	16	62	35
2018/05/15	NZ	59	83	33	89	32
2018/05/17	NZ	28	86	33	43	15
2018/05/19	NZ	3	49	33	70	24
2018/05/22	NZ	41	75	67	86	65
2018/05/24	NZ	15	49	24	40	69
2018/05/26	NZ	15	20	21	37	90
2018/05/29	NZ	43	76	55	45	83
2018/05/31	NZ	31	74	51	70	50
2018/06/04	NZ	22	62	86	16	50
2018/06/05	NZ	17	59	86	28	61
2018/06/07	NZ	42	14	39	69	46
2018/06/09	NZ	61	66	52	9	18
2018/06/12	NZ	47	7	6	22	86
2018/06/14	NZ	24	14	29	3	2
2018/06/16	NZ	28	31	63	82	6
2018/06/19	NZ	58	48	23	76	82
2018/06/21	NZ	6	18	87	65	8
2018/06/23	NZ	63	1	15	61	64
2018/06/26	NZ	29	59	73	30	11
2018/06/28	NZ	89	63	21	45	71
2018/06/30	NZ	61	83	34	31	23
2018/07/03	NZ	15	77	78	32	4
2018/07/05	NZ	50	7	89	42	81
2018/07/07	NZ	82	35	90	51	53
2018/07/10	NZ	43	66	55	16	17
2018/07/12	NZ	51	84	55	42	50
2018/07/14	NZ	69	85	21	19	5
2018/07/17	NZ	56	80	53	29	61
2018/07/19	NZ	41	50	53	61	32
2018/07/21	NZ	55	52	4	62	2
2018/07/24	NZ	18	28	27	68	29
2018/07/26	NZ	79	26	32	29	86
2018/07/28	NZ	30	22	4	20	21
2018/07/31	NZ	58	55	35	24	26
2018/08/02	NZ	27	18	33	34	67
2018/08/04	NZ	51	29	85	42	43
2018/08/07	NZ	87	54	19	40	66
2018/08/09	NZ	42	78	24	59	79
2018/08/11	NZ	17	31	77	81	63
2018/08/14	NZ	39	48	83	22	1
2018/08/16	NZ	14	24	11	52	46
2018/08/18	NZ	40	5	61	44	47
2018/08/21	NZ	86	12	23	68	42
2018/08/23	NZ	35	73	18	42	25
2018/08/25	NZ	9	3	64	85	24
2018/08/28	NZ	84	59	5	83	57
2018/08/30	NZ	47	1	28	25	18
2018/09/01	NZ	40	66	21	52	75
2018/09/04	NZ	14	24	38	28	11
2018/09/06	NZ	37	74	4	56	49
2018/09/08	NZ	47	61	30	25	43
2018/09/11	NZ	52	20	33	9	23
2018/09/13	NZ	10	72	45	24	65
2018/09/15	NZ	74	80	50	43	2
2018/09/18	NZ	19	22	16	75	51
2018/09/20	NZ	89	53	3	67	10
2018/09/22	NZ	66	75	70	74	72
2018/09/25	NZ	77	52	58	86	11
2018/09/27	NZ	85	48	89	4	68
2018/09/29	NZ	6	44	78	25	16
2018/10/02	NZ	15	87	51	62	75
2018/10/04	NZ	78	50	7	56	9
2018/10/06	NZ	68	66	65	47	29
2018/10/09	NZ	26	40	17	49	76
2018/10/11	NZ	74	89	47	56	25
2018/10/13	NZ	35	23	81	59	78
2018/10/16	NZ	66	4	72	46	7
2018/10/18	NZ	87	12	57	4	58
2018/10/20	NZ	62	19	82	77	18
2018/10/23	NZ	4	2	20	8	30
2018/10/25	NZ	17	27	89	36	54
2018/10/27	NZ	46	51	38	22	5
2018/10/30	NZ	87	56	38	55	40
2018/11/02	NZ	89	4	43	67	45
2018/11/03	NZ	19	75	32	30	49
2018/11/06	NZ	86	79	83	20	25
2018/11/08	NZ	11	59	24	3	66
2018/11/10	NZ	64	2	37	33	50
2018/11/13	NZ	66	74	24	23	57
2018/11/15	NZ	7	17	77	10	31
2018/11/17	NZ	64	12	31	9	32
2018/11/20	NZ	2	31	78	30	55
2018/11/22	NZ	48	43	70	85	28
2018/11/24	NZ	83	63	7	19	64
2018/11/27	NZ	66	9	74	62	11
2018/11/29	NZ	13	52	85	40	34
2018/12/01	NZ	15	36	6	21	48
2018/12/04	NZ	9	61	86	13	88
2018/12/06	NZ	81	23	45	71	14
2018/12/10	NZ	17	23	49	40	41
2018/12/11	NZ	18	82	86	10	46
2018/12/13	NZ	83	27	39	25	87
2018/12/15	NZ	84	16	85	87	54
2018/12/18	NZ	33	48	59	25	80
2018/12/20	NZ	59	43	53	42	83
2018/12/22	NZ	74	57	45	26	56
2018/12/24	NZ	57	43	73	36	90
2018/12/27	NZ	79	50	4	74	23
2018/12/29	NZ	15	78	50	64	44
2019/01/02	NZ	52	36	86	29	63
2019/01/03	NZ	60	57	3	46	76
2019/01/05	NZ	75	72	74	39	29
2019/01/08	NZ	70	82	12	25	47
2019/01/10	NZ	47	4	11	10	84
2019/01/12	NZ	40	41	68	34	38
2019/01/15	NZ	59	37	40	81	29
2019/01/17	NZ	56	29	12	76	20
2019/01/19	NZ	48	26	24	87	7
2019/01/22	NZ	64	30	52	39	1
2019/01/24	NZ	69	63	12	39	32
2019/01/26	NZ	33	72	38	18	61
2019/01/29	NZ	16	9	68	19	86
2019/01/31	NZ	69	34	56	28	18
2019/02/02	NZ	10	28	72	46	80
2019/02/05	NZ	12	9	27	67	74
2019/02/07	NZ	37	84	30	3	86
2019/02/09	NZ	78	69	80	38	54
2019/02/12	NZ	40	34	78	66	7
2019/02/14	NZ	19	1	21	84	88
2019/02/16	NZ	4	43	23	45	80
2019/02/19	NZ	32	70	74	22	35
2019/02/21	NZ	66	87	7	1	8
2019/02/23	NZ	9	23	52	28	22
2019/02/26	NZ	5	45	34	21	88
2019/02/28	NZ	64	77	9	90	39
2019/03/02	NZ	85	1	43	50	10
2019/03/05	NZ	73	74	12	61	79
2019/03/07	NZ	83	63	33	29	37
2019/03/09	NZ	82	27	67	21	23
2019/03/12	NZ	14	22	35	41	32
2019/03/14	NZ	73	11	82	89	18
2019/03/16	NZ	46	2	28	62	15
2019/03/19	NZ	12	11	42	25	78
2019/03/21	NZ	78	80	17	29	12
2019/03/23	NZ	46	8	66	37	42
2019/03/26	NZ	19	26	81	58	21
2019/03/28	NZ	34	81	38	12	70
2019/03/30	NZ	9	57	40	75	56
2019/04/02	NZ	33	14	27	67	26
2019/04/04	NZ	27	59	89	61	49
2019/04/06	NZ	66	57	26	46	42
2019/04/09	NZ	37	40	27	79	50
2019/04/11	NZ	68	65	58	37	22
2019/04/13	NZ	4	8	82	63	42
2019/04/16	NZ	69	72	83	67	55
2019/04/18	NZ	33	31	81	71	8
2019/04/20	NZ	89	37	71	39	31
2019/04/23	NZ	40	81	13	33	47
2019/04/26	NZ	58	66	71	77	11
2019/04/27	NZ	58	17	41	52	25
2019/04/30	NZ	77	1	3	26	22
2019/05/02	NZ	74	90	77	72	87
2019/05/04	NZ	44	20	48	29	2
2019/05/07	NZ	26	79	69	67	73
2019/05/09	NZ	66	76	23	8	29
2019/05/11	NZ	43	66	89	67	44
2019/05/14	NZ	40	2	88	14	6
2019/05/16	NZ	48	40	38	25	10
2019/05/18	NZ	90	15	9	38	43
2019/05/21	NZ	45	69	84	66	49
2019/05/23	NZ	20	6	73	82	52
2019/05/25	NZ	79	50	63	22	12
2019/05/28	NZ	52	5	9	69	22
2019/05/30	NZ	15	25	6	24	14
2019/06/01	NZ	28	32	77	38	81
2019/06/04	NZ	62	55	38	12	81
2019/06/06	NZ	53	7	55	11	10
2019/06/08	NZ	46	61	51	80	30
2019/06/11	NZ	89	10	88	74	24
2019/06/13	NZ	35	15	77	44	7
2019/06/15	NZ	78	20	84	52	13
2019/06/18	NZ	46	16	28	89	26
2019/06/20	NZ	78	77	19	72	46
2019/06/22	NZ	42	6	45	76	12
2019/06/25	NZ	63	38	35	11	59
2019/06/27	NZ	65	70	25	58	28
2019/06/29	NZ	70	86	22	83	7
2019/07/02	NZ	20	37	11	56	1
2019/07/04	NZ	10	32	14	22	65
2019/07/06	NZ	18	67	8	17	55
2019/07/09	NZ	32	8	1	69	58
2019/07/11	NZ	84	2	71	49	22
2019/07/13	NZ	43	80	33	22	48
2019/07/16	NZ	43	66	56	47	61
2019/07/18	NZ	69	76	30	26	22
2019/07/20	NZ	49	37	62	8	25
2019/07/23	NZ	67	80	29	7	79
2019/07/25	NZ	4	34	62	82	77
2019/07/27	NZ	30	58	90	17	35
2019/07/30	NZ	7	67	63	1	20
2019/08/01	NZ	21	16	66	64	86
2019/08/03	NZ	57	19	40	54	45
2019/08/06	NZ	43	56	4	83	58
2019/08/08	NZ	66	89	36	76	87
2019/08/10	NZ	50	48	68	22	78
2019/08/13	NZ	14	61	73	29	67
2019/08/16	NZ	48	67	71	90	55
2019/08/17	NZ	58	83	8	39	46
2019/08/20	NZ	14	5	64	46	37
2019/08/22	NZ	31	74	52	72	19
2019/08/24	NZ	42	56	64	80	26
2019/08/27	NZ	15	70	37	50	35
2019/08/29	NZ	52	59	86	73	60
2019/08/31	NZ	53	54	36	47	8
2019/09/03	NZ	86	62	64	85	35
2019/09/05	NZ	5	4	56	84	34
2019/09/07	NZ	41	71	46	47	31
2019/09/10	NZ	22	49	61	25	80
2019/09/12	NZ	23	34	70	51	89
2019/09/14	NZ	64	25	75	15	54
2019/09/17	NZ	51	70	16	46	2
2019/09/19	NZ	5	43	29	34	45
2019/09/21	NZ	54	9	48	36	68
2019/09/24	NZ	56	1	38	41	18
2019/09/26	NZ	21	15	59	14	1
2019/09/28	NZ	43	31	44	73	8
2019/10/01	NZ	10	75	29	56	34
2019/10/03	NZ	28	89	33	68	5
2019/10/05	NZ	73	80	82	11	35
2019/10/08	NZ	77	61	30	29	67
2019/10/10	NZ	50	51	46	15	79
2019/10/12	NZ	65	13	27	5	52
2019/10/15	NZ	4	60	40	70	84
2019/10/17	NZ	80	5	59	43	61
2019/10/19	NZ	70	16	22	14	46
2019/10/22	NZ	49	87	23	27	85
2019/10/24	NZ	65	57	63	85	73
2019/10/26	NZ	1	82	79	71	85
2019/10/29	NZ	58	30	21	68	6
2019/10/31	NZ	17	13	73	84	22
2019/11/02	NZ	68	37	7	19	56
2019/11/05	NZ	89	51	22	65	33
2019/11/07	NZ	56	29	19	72	25
2019/11/09	NZ	80	16	45	51	36
2019/11/12	NZ	74	34	33	8	76
2019/11/14	NZ	83	82	69	30	70
2019/11/16	NZ	60	71	78	84	2
2019/11/19	NZ	46	76	12	57	58
2019/11/21	NZ	41	18	11	60	34
2019/11/23	NZ	64	35	11	54	84
2019/11/26	NZ	3	21	35	84	46
2019/11/28	NZ	8	24	4	6	36
2019/11/30	NZ	30	60	8	41	32
2019/12/03	NZ	51	65	55	66	27
2019/12/05	NZ	74	21	9	27	14
2019/12/07	NZ	19	88	32	60	90
2019/12/10	NZ	5	12	65	2	13
2019/12/12	NZ	63	69	49	5	85
2019/12/14	NZ	31	7	56	6	22
2019/12/17	NZ	79	40	1	34	52
2019/12/19	NZ	76	21	71	33	41
2019/12/21	NZ	44	2	63	18	12
2019/12/24	NZ	5	14	60	40	2
2019/12/27	NZ	82	72	33	44	40
2019/12/28	NZ	63	35	36	82	89
2019/12/31	NZ	51	31	76	80	40
2020/01/02	NZ	52	9	28	35	70
2020/01/04	NZ	56	84	82	73	30
2020/01/07	NZ	43	28	81	30	73
2020/01/09	NZ	34	24	45	61	6
2020/01/11	NZ	60	38	34	49	67
2020/01/14	NZ	41	64	75	88	31
2020/01/16	NZ	51	57	9	19	34
2020/01/18	NZ	80	18	48	2	67
2020/01/21	NZ	46	58	10	6	70
2020/01/23	NZ	84	65	74	25	50
2020/01/25	NZ	90	83	14	26	5
2020/01/28	NZ	89	21	25	1	22
2020/01/30	NZ	60	56	2	49	70
2020/02/01	NZ	73	61	45	17	4
2020/02/04	NZ	15	67	31	63	86
2020/02/06	NZ	12	62	11	64	59
2020/02/08	NZ	89	60	68	73	43
2020/02/11	NZ	45	81	20	1	64
2020/02/13	NZ	64	74	36	58	83
2020/02/15	NZ	80	74	1	39	77
2020/02/18	NZ	56	2	59	50	17
2020/02/20	NZ	42	51	58	72	60
2020/02/22	NZ	2	80	84	59	8
2020/02/25	NZ	29	82	81	27	61
2020/02/27	NZ	46	34	82	55	38
2020/02/29	NZ	83	22	56	62	16
2020/03/03	NZ	36	5	70	26	77
2020/03/05	NZ	64	7	43	61	85
2020/03/07	NZ	83	68	30	46	6
2020/03/10	NZ	89	36	22	60	20
2020/03/12	NZ	66	48	50	55	57
2020/03/14	NZ	62	8	84	75	41
2020/03/17	NZ	16	72	89	63	90
2020/03/19	NZ	47	37	34	22	87
2020/03/21	NZ	61	41	89	50	16
2020/05/05	NZ	68	32	48	21	35
2020/05/07	NZ	58	73	51	21	30
2020/05/09	NZ	51	20	2	27	65
2020/05/12	NZ	79	70	16	8	4
2020/05/14	NZ	89	67	79	78	43
2020/05/16	NZ	63	71	25	75	23
2020/05/19	NZ	80	48	74	10	9
2020/05/21	NZ	9	18	85	69	17
2020/05/23	NZ	38	59	69	1	61
2020/05/26	NZ	70	52	37	76	45
2020/05/28	NZ	54	26	52	49	60
2020/05/30	NZ	82	79	33	55	45
2020/06/03	NZ	31	9	22	15	46
2020/06/04	NZ	25	10	89	39	18
2020/06/06	NZ	3	46	25	9	5
2020/06/09	NZ	20	5	74	82	70
2020/06/11	NZ	15	82	77	28	66
2020/06/13	NZ	57	7	52	84	75
2020/06/16	NZ	24	68	54	31	10
2020/06/18	NZ	5	30	61	78	55
2020/06/20	NZ	75	43	24	25	88
2020/06/23	NZ	42	78	10	65	69
2020/06/25	NZ	56	52	31	86	17
2020/06/27	NZ	47	90	35	48	81
2020/06/30	NZ	13	75	44	72	10
2020/07/02	NZ	32	55	40	64	84
2020/07/04	NZ	29	74	45	86	61
2020/07/07	NZ	16	76	18	75	42
2020/07/09	NZ	79	12	62	72	56
2020/07/11	NZ	2	26	63	77	48
2020/07/14	NZ	23	60	2	17	43
2020/07/16	NZ	75	43	50	83	42
2020/07/18	NZ	13	81	66	47	25
2020/07/21	NZ	74	45	85	6	7
2020/07/23	NZ	20	61	5	68	2
2020/07/25	NZ	49	25	19	7	17
2020/07/28	NZ	82	53	19	66	81
2020/07/30	NZ	12	81	3	20	6
2020/08/01	NZ	21	67	77	32	13
2020/08/04	NZ	54	5	69	84	25
2020/08/06	NZ	58	76	81	64	59
2020/08/08	NZ	22	60	68	69	53
2020/08/11	NZ	52	69	60	64	6
2020/08/13	NZ	12	77	42	19	32
2020/08/17	NZ	45	79	15	89	78
2020/08/18	NZ	36	90	75	59	21
2020/08/20	NZ	68	29	38	87	54
2020/08/22	NZ	70	59	72	82	4
2020/08/25	NZ	74	35	30	1	3
2020/08/27	NZ	44	55	84	86	33
2020/08/29	NZ	59	75	37	21	39
2020/09/01	NZ	86	7	9	80	45
2020/09/03	NZ	6	2	88	70	39
2020/09/05	NZ	6	10	25	90	47
2020/09/08	NZ	86	72	18	51	4
2020/09/10	NZ	74	18	37	45	64
2020/09/12	NZ	34	10	9	2	6
2020/09/15	NZ	62	85	2	64	31
2020/09/17	NZ	52	80	15	13	59
2020/09/19	NZ	60	73	34	10	78
2020/09/22	NZ	53	72	55	78	68
2020/09/24	NZ	17	23	52	76	78
2020/09/26	NZ	73	2	20	72	10
2020/09/29	NZ	56	16	62	43	15
2020/10/01	NZ	18	87	29	13	10
2020/10/03	NZ	62	10	34	17	4
2020/10/06	NZ	2	28	41	4	34
2020/10/08	NZ	58	69	54	83	71
2020/10/10	NZ	82	32	88	84	89
2020/10/13	NZ	22	27	56	86	87
2020/10/15	NZ	47	33	65	21	18
2020/10/17	NZ	90	32	20	10	63
2020/10/20	NZ	65	57	24	40	34
2020/10/22	NZ	2	43	32	64	84
2020/10/24	NZ	62	26	9	2	68
2020/10/27	NZ	59	74	12	50	54
2020/10/29	NZ	30	40	42	26	16
2020/10/31	NZ	44	25	81	72	77
2020/11/03	NZ	18	57	39	52	46
2020/11/05	NZ	83	58	76	38	5
2020/11/07	NZ	16	38	48	73	11
2020/11/10	NZ	21	46	55	37	47
2020/11/12	NZ	44	56	69	12	1
2020/11/14	NZ	11	86	71	13	3
2020/11/17	NZ	58	74	69	73	32
2020/11/19	NZ	88	8	69	82	33
2020/11/21	NZ	84	26	11	6	60
2020/11/24	NZ	52	82	57	61	7
2020/11/26	NZ	4	80	34	76	45
2020/11/28	NZ	26	80	87	36	77
2020/12/01	NZ	42	19	50	25	29
2020/12/03	NZ	44	64	45	54	68
2020/12/05	NZ	78	31	82	75	3
2020/12/09	NZ	13	37	53	39	12
2020/12/10	NZ	10	64	13	9	55
2020/12/12	NZ	34	55	76	51	88
2020/12/15	NZ	65	41	34	90	8
2020/12/17	NZ	46	23	33	27	61
2020/12/19	NZ	14	32	15	17	29
2020/12/22	NZ	85	8	78	48	13
2020/12/24	NZ	10	28	76	63	88
2020/12/28	NZ	10	43	90	18	16
2020/12/29	NZ	58	61	19	26	40
2020/12/31	NZ	55	49	5	45	33
2021/01/02	NZ	23	15	46	85	83
2021/01/05	NZ	46	65	78	11	79
2021/01/07	NZ	83	7	35	48	57
2021/01/09	NZ	87	45	3	4	51
2021/01/12	NZ	36	38	87	40	58
2021/01/14	NZ	65	71	45	73	35
2021/01/16	NZ	73	38	4	23	64
2021/01/19	NZ	69	38	23	16	52
2021/01/21	NZ	71	21	54	79	77
2021/01/23	NZ	69	42	25	41	52
2021/01/26	NZ	13	49	82	80	47
2021/01/28	NZ	61	37	69	26	82
2021/01/30	NZ	61	52	63	15	41
2021/02/02	NZ	16	71	9	85	89
2021/02/04	NZ	8	35	63	57	84
2021/02/06	NZ	62	27	5	57	19
2021/02/09	NZ	16	10	68	12	55
2021/02/11	NZ	5	49	29	54	83
2021/02/13	NZ	16	47	27	71	4
2021/02/16	NZ	34	36	55	44	68
2021/02/18	NZ	54	17	12	62	61
2021/02/20	NZ	90	84	12	1	13
2021/02/23	NZ	55	71	68	9	87
2021/02/25	NZ	53	40	89	33	47
2021/02/27	NZ	34	72	32	89	73
2021/03/02	NZ	28	64	11	75	88
2021/03/04	NZ	15	24	31	80	13
2021/03/06	NZ	38	11	44	31	17
2021/03/09	NZ	75	44	37	71	90
2021/03/11	NZ	17	11	65	8	13
2021/03/13	NZ	45	31	8	56	51
2021/03/16	NZ	27	86	45	53	81
2021/03/18	NZ	78	68	7	26	28
2021/03/20	NZ	7	8	52	28	27
2021/03/23	NZ	64	90	21	67	49
2021/03/25	NZ	16	10	38	72	46
2021/03/27	NZ	55	24	25	3	1
2021/03/30	NZ	53	75	56	58	2
2021/04/01	NZ	68	10	86	70	43
2021/04/03	NZ	50	40	84	73	38
2021/04/06	NZ	86	12	89	62	15
2021/04/08	NZ	45	69	76	54	6
2021/04/10	NZ	50	21	69	43	73
2021/04/13	NZ	90	38	27	86	55
2021/04/15	NZ	17	30	7	24	49
2021/04/17	NZ	52	16	63	62	46
2021/04/20	NZ	81	72	39	18	37
2021/04/22	NZ	15	40	12	29	46
2021/04/24	NZ	36	64	35	57	17
2021/04/27	NZ	23	83	1	89	17
2021/04/29	NZ	89	84	34	80	73
2021/05/03	NZ	47	76	5	19	62
2021/05/04	NZ	63	90	5	11	68
2021/05/06	NZ	27	18	39	61	86
2021/05/08	NZ	28	27	57	25	42
2021/05/11	NZ	4	84	70	31	15
2021/05/13	NZ	90	24	38	37	55
2021/05/15	NZ	64	80	35	26	32
2021/05/18	NZ	83	75	13	44	25
2021/05/20	NZ	30	70	61	7	4
2021/05/22	NZ	86	69	74	85	26
2021/05/25	NZ	45	8	26	35	5
2021/05/27	NZ	51	6	12	46	41
2021/05/29	NZ	15	71	12	21	74
2021/06/01	NZ	48	75	31	3	43
2021/06/03	NZ	87	77	41	76	48
2021/06/05	NZ	62	71	54	2	67
2021/06/08	NZ	13	55	44	20	61
2021/06/10	NZ	57	84	15	58	47
2021/06/12	NZ	42	25	60	51	61
2021/06/15	NZ	37	27	30	87	65
2021/06/17	NZ	7	18	17	31	47
2021/06/19	NZ	52	86	75	9	69
2021/06/22	NZ	2	17	19	70	41
2021/06/24	NZ	19	77	66	72	82
2021/06/26	NZ	3	38	73	10	49
2021/06/29	NZ	42	31	70	66	51
2021/07/01	NZ	47	60	66	31	28
2021/07/03	NZ	23	66	6	7	82
2021/07/06	NZ	60	49	27	88	46
2021/07/08	NZ	45	78	7	57	42
2021/07/10	NZ	60	30	6	82	70
2021/07/13	NZ	38	43	78	20	64
2021/07/15	NZ	88	45	14	33	31
2021/07/17	NZ	88	18	26	1	2
2021/07/20	NZ	11	35	2	30	58
2021/07/22	NZ	77	31	41	58	8
2021/07/24	NZ	47	75	12	31	62
2021/07/27	NZ	72	85	25	28	55
2021/07/29	NZ	65	35	70	64	63
2021/07/31	NZ	18	38	75	68	41
2021/08/03	NZ	55	31	22	41	48
2021/08/05	NZ	7	51	42	81	13
2021/08/07	NZ	57	15	6	43	46
2021/08/10	NZ	4	62	56	45	35
2021/08/12	NZ	29	4	17	49	24
2021/08/14	NZ	7	42	34	86	87
2021/08/17	NZ	40	30	78	8	20
2021/08/19	NZ	83	88	11	68	19
2021/08/21	NZ	19	29	28	86	35
2021/08/24	NZ	24	60	20	35	59
2021/08/26	NZ	30	83	77	29	87
2021/08/28	NZ	62	22	86	18	10
2021/08/31	NZ	77	40	80	89	6
2021/09/02	NZ	69	36	68	13	3
2021/09/04	NZ	55	7	87	84	82
2021/09/07	NZ	46	6	35	38	87
2021/09/09	NZ	62	71	27	90	89
2021/09/11	NZ	23	32	4	67	15
2021/09/14	NZ	64	52	24	47	11
2021/09/16	NZ	44	31	90	13	7
2021/09/18	NZ	52	76	20	25	31
2021/09/21	NZ	77	86	10	22	65
2021/09/23	NZ	52	37	15	2	47
2021/09/25	NZ	51	60	41	31	1
2021/09/28	NZ	64	42	71	36	16
2021/09/30	NZ	40	58	50	5	32
2021/10/02	NZ	83	39	15	3	16
2021/10/05	NZ	32	65	67	70	62
2021/10/07	NZ	27	82	75	33	78
2021/10/09	NZ	77	20	22	55	11
2021/10/12	NZ	58	8	76	72	65
2021/10/14	NZ	23	53	22	59	46
2021/10/16	NZ	32	3	26	24	13
2021/10/19	NZ	29	33	42	63	23
2021/10/21	NZ	16	47	6	39	71
2021/10/23	NZ	9	3	75	52	35
2021/10/26	NZ	17	87	7	57	55
2021/10/28	NZ	88	48	61	43	51
2021/10/30	NZ	1	7	30	84	6
2021/11/02	NZ	69	81	74	23	59
2021/11/04	NZ	79	87	89	30	36
2021/11/06	NZ	86	68	8	63	87
2021/11/09	NZ	4	61	75	71	21
2021/11/11	NZ	54	44	27	75	47
2021/11/13	NZ	83	8	21	28	7
2021/11/16	NZ	22	65	89	75	46
2021/11/18	NZ	55	2	66	7	58
2021/11/20	NZ	53	73	23	59	54
2021/11/23	NZ	53	36	72	8	85
2021/11/25	NZ	77	49	57	2	45
2021/11/27	NZ	51	26	63	83	43
2021/11/30	NZ	79	15	27	83	36
2021/12/02	NZ	66	58	69	75	2
2021/12/04	NZ	28	81	25	7	56
2021/12/07	NZ	39	7	67	48	33
2021/12/09	NZ	57	72	21	38	19
2021/12/11	NZ	31	5	86	62	45
2021/12/14	NZ	71	51	31	45	50
2021/12/16	NZ	84	13	37	53	44
2021/12/18	NZ	64	8	5	50	63
2021/12/21	NZ	50	90	51	16	87
2021/12/23	NZ	49	88	51	76	56
2021/12/27	NZ	64	23	72	58	62
2021/12/28	NZ	10	68	78	48	34
2021/12/30	NZ	43	90	39	24	77
2022/01/03	NZ	21	56	67	35	12
2022/01/04	NZ	11	22	74	31	37
2022/01/07	NZ	42	49	25	79	34
2022/01/08	NZ	54	43	72	56	53
2022/01/11	NZ	14	11	73	62	80
2022/01/13	NZ	39	85	58	36	88
2022/01/15	NZ	25	56	10	32	30
2022/01/18	NZ	63	60	39	59	35
2022/01/20	NZ	24	69	28	6	23
2022/01/22	NZ	86	71	28	64	47
2022/01/25	NZ	87	39	8	7	78
2022/01/27	NZ	31	89	16	62	63
2022/01/29	NZ	52	3	86	7	69
2022/02/01	NZ	44	3	13	16	40
2022/02/03	NZ	4	20	89	53	68
2022/02/05	NZ	50	66	39	2	10
2022/02/08	NZ	36	58	28	47	35
2022/02/10	NZ	56	72	10	84	67
2022/02/12	NZ	20	62	15	73	84
2022/02/15	NZ	17	44	33	25	63
2022/02/17	NZ	70	47	26	50	19
2022/02/19	NZ	15	71	77	36	43
2022/02/22	NZ	21	66	28	48	45
2022/02/24	NZ	80	27	63	86	11
2022/02/26	NZ	31	33	54	21	47
2022/03/01	NZ	62	1	16	43	12
2022/03/03	NZ	35	45	20	44	31
2022/03/05	NZ	22	75	54	76	14
2022/03/08	NZ	15	9	37	69	54
2022/03/10	NZ	16	40	22	83	62
2022/03/12	NZ	71	51	20	79	77
2022/03/15	NZ	2	31	11	14	58
2022/03/17	NZ	49	79	22	3	30
2022/03/19	NZ	45	70	54	35	85
2022/03/22	NZ	51	79	55	7	41
2022/03/24	NZ	10	50	6	25	27
2022/03/26	NZ	28	51	46	27	38
2022/03/29	NZ	29	18	7	72	61
2022/03/31	NZ	6	15	80	77	64
2022/04/02	NZ	54	62	77	85	88
2022/04/05	NZ	15	19	14	2	24
2022/04/07	NZ	60	13	71	61	35
2022/04/09	NZ	33	56	87	30	84
2022/04/12	NZ	27	17	66	60	34
2022/04/14	NZ	50	54	56	78	30
2022/04/16	NZ	18	83	89	75	68
2022/04/19	NZ	61	81	62	55	26
2022/04/21	NZ	35	79	27	90	70
2022/04/23	NZ	1	58	78	4	55
2022/04/26	NZ	78	87	73	86	9
2022/04/28	NZ	7	73	5	16	68
2022/04/30	NZ	25	17	14	70	86
2022/05/03	NZ	8	12	54	63	80
2022/05/05	NZ	36	8	24	29	20
2022/05/07	NZ	28	26	30	55	64
2022/05/10	NZ	41	45	44	37	18
2022/05/12	NZ	89	30	58	52	90
2022/05/14	NZ	73	52	58	66	90
2022/05/17	NZ	51	31	67	54	62
2022/05/19	NZ	53	35	85	72	82
2022/05/21	NZ	38	31	27	22	14
2022/05/24	NZ	45	79	87	84	72
2022/05/26	NZ	17	47	77	1	6
2022/05/28	NZ	21	27	5	52	74
2022/05/31	NZ	6	7	2	22	64
2022/06/03	NZ	30	78	32	37	1
2022/06/04	NZ	41	7	9	11	56
2022/06/07	NZ	45	68	11	54	40
2022/06/09	NZ	9	56	29	88	83
2022/06/11	NZ	84	89	13	74	86
2022/06/14	NZ	33	64	40	70	88
2022/06/16	NZ	10	6	80	8	21
2022/06/18	NZ	70	1	78	3	65
2022/06/21	NZ	48	24	20	8	86
2022/06/23	NZ	47	12	84	13	74
2022/06/25	NZ	26	61	68	29	81
2022/06/28	NZ	44	19	8	63	40
2022/06/30	NZ	90	74	23	30	29
2022/07/02	NZ	83	80	16	74	23
2022/07/05	NZ	85	5	82	29	38
2022/07/07	NZ	48	33	16	37	71
2022/07/09	NZ	73	87	69	44	6
2022/07/12	NZ	29	14	77	9	55
2022/07/14	NZ	59	82	27	86	13
2022/07/16	NZ	4	70	50	3	85
2022/07/19	NZ	12	52	3	38	1
2022/07/21	NZ	60	71	65	75	74
2022/07/23	NZ	87	35	64	14	10
2022/07/26	NZ	52	76	54	60	21
2022/07/28	NZ	80	57	3	16	2
2022/07/30	NZ	2	47	1	14	77
2022/08/02	NZ	12	46	40	16	32
2022/08/04	NZ	34	49	54	44	41
2022/08/06	NZ	79	80	9	70	65
2022/08/09	NZ	85	43	34	81	79
2022/08/11	NZ	50	59	65	42	12
2022/08/13	NZ	61	16	82	79	6
2022/08/16	NZ	31	90	7	68	30
2022/08/18	NZ	87	40	66	1	19
2022/08/20	NZ	74	22	66	26	36
2022/08/23	NZ	30	24	40	22	4
2022/08/25	NZ	57	59	7	43	65
2022/08/27	NZ	38	34	17	89	85
2022/08/30	NZ	70	30	54	57	32
2022/09/01	NZ	11	10	14	65	20
2022/09/03	NZ	53	18	24	63	39
2022/09/06	NZ	85	67	84	78	54
2022/09/08	NZ	88	12	44	26	23
2022/09/10	NZ	85	18	77	5	57
2022/09/13	NZ	47	54	76	51	26
2022/09/15	NZ	20	46	81	40	60
2022/09/17	NZ	17	82	12	33	58
2022/09/20	NZ	18	74	32	4	45
2022/09/22	NZ	10	46	8	55	22
2022/09/24	NZ	23	80	17	79	8
2022/09/27	NZ	50	52	56	66	75
2022/09/29	NZ	86	62	67	16	57
2022/10/01	NZ	32	82	49	88	43
2022/10/04	NZ	10	28	70	52	24
2022/10/06	NZ	47	4	22	8	1
2022/10/08	NZ	31	67	56	83	87
2022/10/11	NZ	23	61	38	36	7
2022/10/13	NZ	14	35	16	42	21
2022/10/15	NZ	13	53	46	68	23
2022/10/18	NZ	46	61	3	76	22
2022/10/20	NZ	85	9	68	41	1
2022/10/22	NZ	71	87	59	34	44
2022/10/25	NZ	49	25	43	40	39
2022/10/27	NZ	84	36	24	49	71
2022/10/29	NZ	3	9	10	39	27
2022/11/02	NZ	83	6	40	61	78
2022/11/03	NZ	30	13	32	38	17
2022/11/05	NZ	32	2	82	86	18
2022/11/08	NZ	89	33	23	70	80
2022/11/10	NZ	86	49	30	70	65
2022/11/12	NZ	26	33	17	81	38
2022/11/15	NZ	26	72	77	66	45
2022/11/17	NZ	88	26	72	18	75
2022/11/19	NZ	6	5	47	63	37
2022/11/22	NZ	80	50	32	76	64
2022/11/24	NZ	42	32	87	59	8
2022/11/26	NZ	4	59	50	18	8
2022/11/29	NZ	37	51	74	63	20
2022/12/01	NZ	31	26	27	42	53
2022/12/03	NZ	38	23	65	66	60
2022/12/06	NZ	39	74	61	81	45
2022/12/09	NZ	30	37	46	49	1
2022/12/10	NZ	2	81	80	83	33
2022/12/13	NZ	88	15	75	9	12
2022/12/15	NZ	6	1	68	70	77
2022/12/17	NZ	74	22	62	66	33
2022/12/20	NZ	12	38	40	56	2
2022/12/22	NZ	42	36	7	85	18
2022/12/24	NZ	50	60	84	68	26
2022/12/27	NZ	47	5	62	27	1
2022/12/29	NZ	8	31	52	35	44
2022/12/31	NZ	31	73	62	68	3
2023/01/03	NZ	87	73	65	31	44
2023/01/05	NZ	66	22	88	71	77
2023/01/07	NZ	80	65	57	68	81
2023/01/10	NZ	12	8	22	85	13
2023/01/12	NZ	88	53	90	61	26
2023/01/14	NZ	41	57	1	51	58
2023/01/17	NZ	9	31	18	73	34
2023/01/19	NZ	54	52	62	39	35
2023/01/21	NZ	16	84	37	43	69
2023/01/24	NZ	39	19	34	21	37
2023/01/26	NZ	2	46	31	51	70
2023/01/28	NZ	50	85	39	12	22
2023/01/31	NZ	53	77	80	27	68
2023/02/02	NZ	60	33	3	54	52
2023/02/04	NZ	80	64	61	14	54
2023/02/07	NZ	43	47	22	69	44
2023/02/09	NZ	42	12	84	38	18
2023/02/11	NZ	75	46	22	14	44
2023/02/14	NZ	76	77	38	20	41
2023/02/16	NZ	55	14	21	5	54
2023/02/18	NZ	20	38	57	2	79
2023/02/21	NZ	20	6	65	37	35
2023/02/23	NZ	87	61	64	18	69
2023/02/25	NZ	11	88	69	5	43
2023/02/28	NZ	57	69	71	35	27
2023/03/02	NZ	46	29	53	88	62
2023/03/04	NZ	7	48	51	72	25
2023/03/07	NZ	16	38	21	18	45
2023/03/09	NZ	30	31	41	50	81
2023/03/11	NZ	48	87	28	13	16
2023/03/14	NZ	48	58	15	63	82
2023/03/16	NZ	50	2	38	35	16
2023/03/18	NZ	61	62	16	45	36
2023/03/21	NZ	12	28	75	44	13
2023/03/23	NZ	57	41	62	72	3
2023/03/25	NZ	39	24	46	79	76
2023/03/28	NZ	87	52	89	24	58
2023/03/30	NZ	64	51	9	44	2
2023/04/01	NZ	6	5	21	65	66
2023/04/04	NZ	30	40	71	44	76
2023/04/06	NZ	69	30	31	14	39
2023/04/08	NZ	52	33	32	49	73
2023/04/11	NZ	39	21	51	22	77
2023/04/13	NZ	60	51	90	73	1
2023/04/15	NZ	58	26	83	36	16
2023/04/18	NZ	6	80	54	55	23
2023/04/20	NZ	57	62	20	78	76
2023/04/22	NZ	47	63	67	87	66
2023/04/26	NZ	7	45	39	6	66
2023/04/27	NZ	85	28	9	53	35
2023/04/29	NZ	3	67	59	86	50
2023/05/02	NZ	22	64	53	10	74
2023/05/04	NZ	53	16	3	40	43
2023/05/06	NZ	54	4	16	32	47
2023/05/09	NZ	73	28	22	33	16
2023/05/11	NZ	52	62	47	84	65
2023/05/13	NZ	73	22	37	40	72
2023/05/16	NZ	44	66	76	21	13
2023/05/18	NZ	85	49	60	31	43
2023/05/20	NZ	76	72	74	77	87
2023/05/23	NZ	77	37	52	38	78
2023/05/25	NZ	50	1	41	69	26
2023/05/27	NZ	82	70	6	89	17
2023/05/30	NZ	47	49	69	72	31
2023/06/01	NZ	20	39	36	75	59
2023/06/03	NZ	53	40	3	39	59
2023/06/06	NZ	43	37	66	9	59
2023/06/08	NZ	78	74	20	26	7
2023/06/10	NZ	65	22	82	75	23
2023/06/13	NZ	41	34	61	60	74
2023/06/15	NZ	50	52	69	12	39
2023/06/17	NZ	61	27	57	52	18
2023/06/20	NZ	34	31	58	77	69
2023/06/22	NZ	60	21	86	27	69
2023/06/24	NZ	74	19	47	90	10
2023/06/27	NZ	88	38	55	80	77
2023/06/29	NZ	2	84	55	57	41
2023/07/01	NZ	9	29	75	19	78
2023/07/04	NZ	75	52	13	36	90
2023/07/06	NZ	74	55	67	25	8
2023/07/07	NZ	6	28	72	15	78
2023/07/08	NZ	43	19	70	84	2
2023/07/11	NZ	40	12	86	79	74
2023/07/13	NZ	71	43	56	90	59
2023/07/14	NZ	82	59	85	33	9
2023/07/15	NZ	60	50	10	51	54
2023/07/18	NZ	73	20	15	36	72
2023/07/20	NZ	35	3	89	51	56
2023/07/21	NZ	66	33	22	64	67
2023/07/22	NZ	74	28	44	36	53
2023/07/25	NZ	23	82	70	79	30
2023/07/27	NZ	57	63	66	16	18
2023/07/28	NZ	79	56	55	13	4
2023/07/29	NZ	55	84	56	79	61
2023/08/01	NZ	70	66	65	89	81
2023/08/03	NZ	25	26	70	9	45
2023/08/04	NZ	9	60	46	45	12
2023/08/05	NZ	82	18	58	33	9
2023/08/08	NZ	3	7	71	57	87
2023/08/10	NZ	51	59	30	42	3
2023/08/11	NZ	31	54	12	41	28
2023/08/12	NZ	83	90	7	30	82
2023/08/16	NZ	5	35	21	31	27
2023/08/17	NZ	14	26	73	30	79
2023/08/18	NZ	10	3	79	45	60
2023/08/19	NZ	45	64	83	16	59
2023/08/22	NZ	10	14	11	83	65
2023/08/24	NZ	81	71	48	9	46
2023/08/25	NZ	38	2	22	63	86
2023/08/26	NZ	65	11	51	15	46
2023/08/29	NZ	50	73	25	12	2
2023/08/31	NZ	15	66	80	19	38
2023/09/01	NZ	13	49	41	56	14
2023/09/02	NZ	72	81	19	33	77
2023/09/05	NZ	29	44	71	34	16
2023/09/07	NZ	41	83	68	29	36
2023/09/08	NZ	84	82	77	22	63
2023/09/09	NZ	8	85	43	40	75
2023/09/12	NZ	58	50	87	19	7
2023/09/14	NZ	74	11	52	34	75
2023/09/15	NZ	66	57	51	58	65
2023/09/16	NZ	39	30	76	14	46
2023/09/19	NZ	30	37	62	21	52
2023/09/21	NZ	59	75	1	7	34
2023/09/22	NZ	21	60	68	89	50
2023/09/23	NZ	30	76	83	44	85
2023/09/26	NZ	54	37	26	75	88
2023/09/28	NZ	33	39	13	23	32
2023/09/29	NZ	70	37	76	28	6
2023/09/30	NZ	56	27	18	8	36
2023/10/03	NZ	60	17	46	16	77
2023/10/05	NZ	55	19	56	8	62
2023/10/06	NZ	64	6	3	67	43
2023/10/07	NZ	83	20	68	21	76
2023/10/10	NZ	51	90	79	1	46
2023/10/12	NZ	10	67	27	74	43
2023/10/13	NZ	64	60	1	48	27
2023/10/14	NZ	52	65	22	90	77
2023/10/17	NZ	40	50	85	42	68
2023/10/19	NZ	21	1	29	62	65
2023/10/20	NZ	5	27	62	21	69
2023/10/21	NZ	70	7	45	71	80
2023/10/24	NZ	74	16	37	50	70
2023/10/26	NZ	80	33	41	5	82
2023/10/27	NZ	43	12	82	55	28
2023/10/28	NZ	71	69	76	47	64
2023/10/31	NZ	14	90	80	6	39
2023/11/02	NZ	31	20	9	82	90
2023/11/03	NZ	84	37	24	20	23
2023/11/04	NZ	29	71	70	60	63
2023/11/07	NZ	84	48	71	51	20
2023/11/09	NZ	20	79	86	90	9
2023/11/10	NZ	49	74	69	50	60
2023/11/11	NZ	54	52	44	2	85
2023/11/14	NZ	40	25	83	65	26
2023/11/16	NZ	5	66	16	85	34
2023/11/17	NZ	26	29	37	44	32
2023/11/18	NZ	68	53	11	90	71
2023/11/21	NZ	65	38	27	31	11
2023/11/23	NZ	81	63	1	5	4
2023/11/24	NZ	14	87	16	8	73
2023/11/25	NZ	27	83	30	53	65
2023/11/28	NZ	65	2	15	59	1
2023/11/30	NZ	71	76	24	18	78
2023/12/01	NZ	7	33	6	46	54
2023/12/02	NZ	31	51	50	72	84
2023/12/05	NZ	50	42	32	33	87
2023/12/07	NZ	41	58	36	10	84
2023/12/09	NZ	88	64	85	3	12
2023/12/11	NZ	64	61	75	45	55
2023/12/12	NZ	21	50	53	90	65
2023/12/14	NZ	36	53	73	75	22
2023/12/15	NZ	27	38	12	90	11
2023/12/16	NZ	89	50	90	76	61
2023/12/19	NZ	26	10	16	25	52
2023/12/21	NZ	78	60	2	34	30
2023/12/22	NZ	68	9	62	4	27
2023/12/23	NZ	47	51	86	79	32
2023/12/27	NZ	13	72	67	63	40
2023/12/28	NZ	32	82	24	16	68
2023/12/29	NZ	22	70	64	59	81
2023/12/30	NZ	2	40	17	47	46
2024/01/02	NZ	84	57	70	16	75
2024/01/04	NZ	38	16	44	80	20
2024/01/05	NZ	24	8	17	58	2
2024/01/08	NZ	77	41	19	8	7
2024/01/09	NZ	31	62	63	19	9
2024/01/11	NZ	38	89	80	5	27
2024/01/12	NZ	9	87	34	82	47
2024/01/13	NZ	45	7	10	32	5
2024/01/16	NZ	3	61	13	75	46
2024/01/18	NZ	43	22	51	23	24
2024/01/19	NZ	48	54	29	89	80
2024/01/20	NZ	51	53	81	5	79
2024/01/23	NZ	9	47	50	75	85
2024/01/25	NZ	69	77	61	74	71
2024/01/26	NZ	83	41	14	56	4
2024/01/27	NZ	25	11	83	75	72
2024/01/30	NZ	90	55	32	67	39
2024/02/01	NZ	64	31	77	20	51
2024/02/02	NZ	42	21	8	14	26
2024/02/03	NZ	13	89	82	59	51
2024/02/06	NZ	49	17	35	47	86
2024/02/08	NZ	72	18	68	73	47
2024/02/09	NZ	15	19	80	59	48
2024/02/10	NZ	16	25	47	64	28
2024/02/13	NZ	25	3	48	59	90
2024/02/15	NZ	73	78	39	72	37
2024/02/16	NZ	75	22	52	88	43
2024/02/17	NZ	78	50	58	36	5
2024/02/20	NZ	26	3	88	47	63
2024/02/22	NZ	57	50	14	26	54
2024/02/23	NZ	50	82	80	20	47
2024/02/24	NZ	14	56	9	7	8
2024/02/27	NZ	40	83	32	28	80
2024/02/29	NZ	21	23	15	35	76
2024/03/01	NZ	59	57	24	34	56
2024/03/02	NZ	27	6	70	74	17
2024/03/05	NZ	33	12	16	46	28
2024/03/07	NZ	56	59	71	21	1
2024/03/08	NZ	46	75	8	83	38
2024/03/09	NZ	42	55	53	73	68
2024/03/12	NZ	20	54	44	48	40
2024/03/14	NZ	7	69	45	48	33
2024/03/15	NZ	66	17	81	47	90
2024/03/16	NZ	78	16	44	60	28
2024/03/19	NZ	69	48	50	20	71
2024/03/21	NZ	33	36	72	56	68
2024/03/22	NZ	40	80	39	11	61
2024/03/23	NZ	84	38	37	81	22
2024/03/26	NZ	15	69	22	63	39
2024/03/28	NZ	8	13	44	69	85
2024/03/29	NZ	86	50	38	78	34
2024/03/30	NZ	79	52	5	74	25
2024/04/02	NZ	63	71	41	62	46
2024/04/04	NZ	59	70	1	46	75
2024/04/05	NZ	13	58	63	5	1
2024/04/06	NZ	56	3	14	33	18
2024/04/09	NZ	28	43	10	39	19
2024/04/11	NZ	78	15	53	37	25
2024/04/12	NZ	8	56	48	47	90
2024/04/13	NZ	17	84	54	28	15
2024/04/16	NZ	83	37	81	57	78
2024/04/18	NZ	89	22	6	87	13
2024/04/19	NZ	30	43	64	65	21
2024/04/20	NZ	10	22	68	78	6
2024/04/23	NZ	21	79	49	3	1
2024/04/26	NZ	4	24	10	69	73
2024/04/27	NZ	31	30	85	45	67
2024/04/29	NZ	62	27	48	69	78
2024/04/30	NZ	6	83	47	20	41
2024/05/02	NZ	84	70	10	67	74
2024/05/03	NZ	72	3	82	37	58
2024/05/04	NZ	10	14	1	43	9
2024/05/07	NZ	43	58	26	18	79
2024/05/09	NZ	68	21	64	11	7
2024/05/10	NZ	89	15	64	20	31
2024/05/11	NZ	51	7	24	90	75
2024/05/14	NZ	12	79	46	54	38
2024/05/16	NZ	47	30	88	38	56
2024/05/17	NZ	37	43	26	48	81
2024/05/18	NZ	42	83	59	86	34
2024/05/21	NZ	28	88	9	77	72
2024/05/23	NZ	21	57	39	38	71
2024/05/24	NZ	69	81	1	79	26
2024/05/25	NZ	27	21	49	74	59
2024/05/28	NZ	54	31	38	2	80
2024/05/30	NZ	56	60	54	67	65
2024/05/31	NZ	7	24	25	72	19
2024/06/01	NZ	23	88	33	51	76
2024/06/04	NZ	60	7	62	78	38
2024/06/06	NZ	9	11	80	45	34
2024/06/07	NZ	14	68	72	42	32
2024/06/08	NZ	76	66	47	90	24
2024/06/11	NZ	74	69	78	23	87
2024/06/13	NZ	15	3	14	10	89
2024/06/14	NZ	27	18	10	14	47
2024/06/15	NZ	4	55	67	56	19
2024/06/18	NZ	63	22	16	49	67
2024/06/20	NZ	14	87	40	30	47
2024/06/21	NZ	39	81	58	23	36
2024/06/22	NZ	61	33	71	86	78
2024/06/25	NZ	40	60	58	9	27
2024/06/27	NZ	2	56	54	90	77
2024/06/28	NZ	73	35	31	70	64
2024/06/29	NZ	1	61	60	42	48
2024/07/02	NZ	29	44	17	21	18
2024/07/04	NZ	46	4	71	30	62
2024/07/05	NZ	72	71	50	3	46
2024/07/06	NZ	62	68	83	73	57
2024/07/09	NZ	29	77	27	79	10
2024/07/11	NZ	48	39	12	2	29
2024/07/12	NZ	56	23	80	47	28
2024/07/13	NZ	32	10	79	48	12
2024/07/16	NZ	7	9	84	58	13
2024/07/18	NZ	31	58	15	87	7
2024/07/19	NZ	35	7	52	49	61
2024/07/20	NZ	81	40	56	83	35
2024/07/23	NZ	5	62	37	30	21
2024/07/25	NZ	84	89	33	12	52
2024/07/26	NZ	14	41	1	58	30
2024/07/27	NZ	30	41	80	50	83
2024/07/30	NZ	53	38	1	51	42
2024/08/01	NZ	77	30	31	37	20
2024/08/02	NZ	16	88	32	71	1
2024/08/03	NZ	62	50	27	38	87
2024/08/06	NZ	40	26	75	79	76
2024/08/08	NZ	24	55	37	14	16
2024/08/09	NZ	14	59	35	56	48
2024/08/10	NZ	25	18	75	84	5
2024/08/13	NZ	57	6	78	55	52
2024/08/16	NZ	81	56	52	1	39
2024/08/17	NZ	4	12	2	50	70
2024/08/19	NZ	77	27	5	38	8
2024/08/20	NZ	49	10	37	44	70
2024/08/22	NZ	72	70	10	68	79
2024/08/23	NZ	46	69	15	70	33
2024/08/24	NZ	63	73	82	54	10
2024/08/27	NZ	82	34	46	57	80
2024/08/29	NZ	47	42	31	60	59
2024/08/30	NZ	36	84	25	80	17
2024/08/31	NZ	23	25	39	46	53
2024/09/03	NZ	67	36	45	15	49
2024/09/05	NZ	16	5	8	34	88
2024/09/06	NZ	10	35	43	63	81
2024/09/07	NZ	24	86	62	74	75
2024/09/10	NZ	77	89	7	21	83
2024/09/12	NZ	77	10	2	6	29
2024/09/13	NZ	11	56	61	79	42
2024/09/14	NZ	15	34	10	55	2
2024/09/17	NZ	35	77	59	86	22
2024/09/19	NZ	27	6	28	73	9
2024/09/20	NZ	22	77	6	36	32
2024/09/21	NZ	14	27	8	10	88
2024/09/24	NZ	80	56	62	41	38
2024/09/26	NZ	61	27	59	36	35
2024/09/27	NZ	23	33	35	36	14
2024/09/28	NZ	8	83	12	87	42
2024/10/01	NZ	86	28	77	72	80
2024/10/03	NZ	62	11	63	15	14
2024/10/04	NZ	64	38	49	22	61
2024/10/05	NZ	46	78	9	35	2
2024/10/08	NZ	38	46	11	45	59
2024/10/10	NZ	42	4	85	59	16
2024/10/11	NZ	1	35	11	83	30
2024/10/12	NZ	57	33	85	74	64
2024/10/15	NZ	46	85	41	82	86
2024/10/17	NZ	10	34	27	37	62
2024/10/18	NZ	47	28	82	58	57
2024/10/19	NZ	77	22	53	90	89
2024/10/22	NZ	7	77	67	17	46
2024/10/24	NZ	74	87	50	76	69
2024/10/25	NZ	22	68	24	89	38
2024/10/26	NZ	29	8	53	56	41
2024/10/29	NZ	21	86	80	10	22
2024/10/31	NZ	80	52	23	71	49
2024/11/02	NZ	68	60	31	78	55
2024/11/04	NZ	55	47	32	33	6
2024/11/05	NZ	79	35	4	57	51
2024/11/07	NZ	5	72	26	42	16
2024/11/08	NZ	4	79	33	67	61
2024/11/09	NZ	1	60	6	80	89
2024/11/12	NZ	52	72	36	58	74
2024/11/14	NZ	22	38	3	24	43
2024/11/15	NZ	57	14	67	1	76
2024/11/16	NZ	73	21	67	2	84
2024/11/19	NZ	78	3	36	16	6
2024/11/21	NZ	85	83	79	12	51
2024/11/22	NZ	82	60	62	65	59
2024/11/23	NZ	63	44	78	10	55
2024/11/26	NZ	2	44	27	86	78
2024/11/28	NZ	43	23	83	72	2
2024/11/29	NZ	61	83	42	38	35
2024/11/30	NZ	25	81	37	30	58
2024/12/03	NZ	67	27	38	57	19
2024/12/05	NZ	28	56	50	76	31
2024/12/06	NZ	87	27	65	86	19
2024/12/07	NZ	32	53	44	38	45
2024/12/10	NZ	79	18	36	77	16
2024/12/12	NZ	55	36	34	84	83
2024/12/13	NZ	63	36	75	70	52
2024/12/14	NZ	81	19	61	39	42
2024/12/17	NZ	39	83	63	81	72
2024/12/19	NZ	37	20	31	15	27
2024/12/20	NZ	79	25	38	54	72
2024/12/21	NZ	39	19	83	6	68
2024/12/24	NZ	63	88	55	29	22
2024/12/27	NZ	85	19	67	65	89
2024/12/28	NZ	27	1	58	24	88
2024/12/30	NZ	49	27	3	68	39
2024/12/31	NZ	39	59	46	49	86
2025/01/02	NZ	49	82	14	87	1
2025/01/03	NZ	58	64	82	22	72
2025/01/04	NZ	62	71	3	28	15
2025/01/07	NZ	88	90	72	25	41
2025/01/09	NZ	63	41	58	16	1
2025/01/10	NZ	64	76	35	40	19
2025/01/11	NZ	63	83	19	31	80
2025/01/14	NZ	70	10	32	78	7
2025/01/16	NZ	9	65	30	6	7
2025/01/17	NZ	6	31	35	89	74
2025/01/18	NZ	49	82	59	65	67
2025/01/21	NZ	80	25	13	63	17
2025/01/23	NZ	32	73	27	11	51
2025/01/24	NZ	57	56	33	25	38
2025/01/25	NZ	45	72	80	76	32
2025/01/28	NZ	35	1	67	44	14
2025/01/30	NZ	74	7	54	15	36
2025/01/31	NZ	20	79	7	45	60
2025/02/01	NZ	19	89	28	18	33
2025/02/04	NZ	50	89	12	80	52
2025/02/06	NZ	81	37	26	1	7
2025/02/07	NZ	22	21	66	4	47
2025/02/08	NZ	47	23	70	44	38
2025/02/11	NZ	4	87	35	31	29
2025/02/13	NZ	81	46	78	21	27
2025/02/14	NZ	10	14	48	1	74
2025/02/15	NZ	3	73	16	65	4
2025/02/18	NZ	26	37	68	54	87
2025/02/20	NZ	51	43	48	40	59
2025/02/21	NZ	33	3	26	76	66
2025/02/22	NZ	84	12	87	51	70
2025/02/25	NZ	89	44	90	5	45
2025/02/27	NZ	50	45	46	68	13
2025/02/28	NZ	14	78	18	40	8
2025/03/01	NZ	21	48	3	17	62
2025/03/04	NZ	57	54	79	44	40
2025/03/06	NZ	34	83	53	81	14
2025/03/07	NZ	45	81	88	30	28
2025/03/08	NZ	28	82	76	30	14
2025/03/11	NZ	16	57	90	52	19
2025/03/13	NZ	48	56	90	14	23
2025/03/14	NZ	8	82	64	29	59
2025/03/15	NZ	5	14	21	15	80
2025/03/18	NZ	85	11	66	29	31
2025/03/20	NZ	80	4	13	43	18
2025/03/21	NZ	9	31	75	67	32
2025/03/22	NZ	12	84	44	38	34
2025/03/25	NZ	30	39	5	1	38
2025/03/27	NZ	32	85	43	27	4
2025/03/28	NZ	62	83	48	1	88
2025/03/29	NZ	9	85	39	13	88
2025/04/01	NZ	15	82	14	18	32
2025/04/03	NZ	52	72	73	26	77
2025/04/04	NZ	74	44	90	6	56
2025/04/05	NZ	44	11	71	6	37
2025/04/08	NZ	38	5	58	17	15
2025/04/10	NZ	4	45	30	55	34
2025/04/11	NZ	15	18	86	55	27
2025/04/12	NZ	18	14	88	10	27
2025/04/15	NZ	60	39	72	49	26
2025/04/17	NZ	2	74	67	88	84
2025/04/18	NZ	1	27	28	13	25
2025/04/19	NZ	47	88	74	54	40
2025/04/22	NZ	74	50	49	72	12
2025/04/24	NZ	72	69	25	54	64
2025/04/26	NZ	48	80	78	16	23
2025/04/28	NZ	76	44	20	70	67
2025/04/29	NZ	65	63	50	55	33
2025/05/02	NZ	15	22	51	27	18
2025/05/03	NZ	68	89	14	39	25
2025/05/05	NZ	60	42	79	67	64
2025/05/06	NZ	46	52	67	78	59
2025/05/08	NZ	9	35	40	16	36
2025/05/09	NZ	68	44	32	49	83
2025/05/10	NZ	56	46	38	41	74
2025/05/13	NZ	59	51	84	75	6
2025/05/15	NZ	9	62	43	23	49
2025/05/16	NZ	81	66	17	9	35
2025/05/17	NZ	52	53	58	30	26
2025/05/20	NZ	81	12	83	76	1
2025/05/22	NZ	3	49	6	45	22
2025/05/23	NZ	66	71	61	35	80
2025/05/24	NZ	32	65	12	30	18
2025/05/27	NZ	14	68	86	56	58
2025/05/29	NZ	16	55	64	57	12
2025/05/30	NZ	74	42	32	87	60
2025/05/31	NZ	44	77	11	58	62
2025/06/03	NZ	28	11	73	72	52
2025/06/05	NZ	67	48	86	62	13
2025/06/06	NZ	34	72	33	1	53
2025/06/07	NZ	49	63	48	86	68
2025/06/10	NZ	29	48	42	83	81
2025/06/12	NZ	76	67	49	34	56
